"Time","completed"
2021-07-29 14:36:00,0
2021-07-29 14:36:00,1
2021-07-29 14:36:00,2
2021-07-29 14:36:00,3
2021-07-29 14:36:00,4
2021-07-29 14:36:00,5
2021-07-29 14:36:00,6
2021-07-29 14:36:00,7
2021-07-29 14:36:00,8
2021-07-29 14:36:00,9
2021-07-29 14:36:00,10
2021-07-29 14:36:00,11
2021-07-29 14:36:00,12
2021-07-29 14:36:00,13
2021-07-29 14:36:00,14
2021-07-29 14:36:00,15
2021-07-29 14:36:00,16
2021-07-29 14:36:00,17
2021-07-29 14:36:00,18
2021-07-29 14:36:00,19
2021-07-29 14:36:00,20
2021-07-29 14:36:00,21
2021-07-29 14:36:00,22
2021-07-29 14:36:00,23
2021-07-29 14:36:00,24
2021-07-29 14:36:00,25
2021-07-29 14:36:00,26
2021-07-29 14:36:00,27
2021-07-29 14:36:00,28
2021-07-29 14:36:00,29
2021-07-29 14:36:00,30
2021-07-29 14:36:00,31
2021-07-29 14:36:00,32
2021-07-29 14:36:15,33
2021-07-29 14:36:15,34
2021-07-29 14:36:15,35
2021-07-29 14:36:15,36
2021-07-29 14:36:15,37
2021-07-29 14:36:15,38
2021-07-29 14:36:15,39
2021-07-29 14:36:15,40
2021-07-29 14:36:15,41
2021-07-29 14:36:15,42
2021-07-29 14:36:15,43
2021-07-29 14:36:15,44
2021-07-29 14:36:15,45
2021-07-29 14:36:15,46
2021-07-29 14:36:15,47
2021-07-29 14:36:15,48
2021-07-29 14:36:15,49
2021-07-29 14:36:15,50
2021-07-29 14:36:15,51
2021-07-29 14:36:15,52
2021-07-29 14:36:15,53
2021-07-29 14:36:15,54
2021-07-29 14:36:15,55
2021-07-29 14:36:15,56
2021-07-29 14:36:15,57
2021-07-29 14:36:15,58
2021-07-29 14:36:15,59
2021-07-29 14:36:15,60
2021-07-29 14:36:15,61
2021-07-29 14:36:15,62
2021-07-29 14:36:15,63
2021-07-29 14:36:15,64
2021-07-29 14:36:15,65
2021-07-29 14:36:15,66
2021-07-29 14:36:15,67
2021-07-29 14:36:15,68
2021-07-29 14:36:15,69
2021-07-29 14:36:15,70
2021-07-29 14:36:30,71
2021-07-29 14:36:30,72
2021-07-29 14:36:30,73
2021-07-29 14:36:30,74
2021-07-29 14:36:30,75
2021-07-29 14:36:30,76
2021-07-29 14:36:30,77
2021-07-29 14:36:30,78
2021-07-29 14:36:30,79
2021-07-29 14:36:30,80
2021-07-29 14:36:30,81
2021-07-29 14:36:30,82
2021-07-29 14:36:30,83
2021-07-29 14:36:30,84
2021-07-29 14:36:30,85
2021-07-29 14:36:30,86
2021-07-29 14:36:30,87
2021-07-29 14:36:30,88
2021-07-29 14:36:30,89
2021-07-29 14:36:30,90
2021-07-29 14:36:30,91
2021-07-29 14:36:30,92
2021-07-29 14:36:30,93
2021-07-29 14:36:30,94
2021-07-29 14:36:30,95
2021-07-29 14:36:30,96
2021-07-29 14:36:30,97
2021-07-29 14:36:30,98
2021-07-29 14:36:30,99
2021-07-29 14:36:30,100
2021-07-29 14:36:30,101
2021-07-29 14:36:30,102
2021-07-29 14:36:30,103
2021-07-29 14:36:30,104
2021-07-29 14:36:30,105
2021-07-29 14:36:30,106
2021-07-29 14:36:30,107
2021-07-29 14:36:30,108
2021-07-29 14:36:30,109
2021-07-29 14:36:30,110
2021-07-29 14:36:30,111
2021-07-29 14:36:30,112
2021-07-29 14:36:45,113
2021-07-29 14:36:45,114
2021-07-29 14:36:45,115
2021-07-29 14:36:45,116
2021-07-29 14:36:45,117
2021-07-29 14:36:45,118
2021-07-29 14:36:45,119
2021-07-29 14:36:45,120
2021-07-29 14:36:45,121
2021-07-29 14:36:45,122
2021-07-29 14:36:45,123
2021-07-29 14:36:45,124
2021-07-29 14:36:45,125
2021-07-29 14:36:45,126
2021-07-29 14:36:45,127
2021-07-29 14:36:45,128
2021-07-29 14:36:45,129
2021-07-29 14:36:45,130
2021-07-29 14:36:45,131
2021-07-29 14:36:45,132
2021-07-29 14:36:45,133
2021-07-29 14:36:45,134
2021-07-29 14:36:45,135
2021-07-29 14:36:45,136
2021-07-29 14:36:45,137
2021-07-29 14:36:45,138
2021-07-29 14:36:45,139
2021-07-29 14:36:45,140
2021-07-29 14:36:45,141
2021-07-29 14:36:45,142
2021-07-29 14:36:45,143
2021-07-29 14:36:45,144
2021-07-29 14:36:45,145
2021-07-29 14:36:45,146
2021-07-29 14:36:45,147
2021-07-29 14:36:45,148
2021-07-29 14:36:45,149
2021-07-29 14:37:00,150
2021-07-29 14:37:00,151
2021-07-29 14:37:00,152
2021-07-29 14:37:00,153
2021-07-29 14:37:00,154
2021-07-29 14:37:00,155
2021-07-29 14:37:00,156
2021-07-29 14:37:00,157
2021-07-29 14:37:00,158
2021-07-29 14:37:00,159
2021-07-29 14:37:00,160
2021-07-29 14:37:00,161
2021-07-29 14:37:00,162
2021-07-29 14:37:00,163
2021-07-29 14:37:00,164
2021-07-29 14:37:00,165
2021-07-29 14:37:00,166
2021-07-29 14:37:00,167
2021-07-29 14:37:00,168
2021-07-29 14:37:00,169
2021-07-29 14:37:00,170
2021-07-29 14:37:00,171
2021-07-29 14:37:00,172
2021-07-29 14:37:00,173
2021-07-29 14:37:00,174
2021-07-29 14:37:00,175
2021-07-29 14:37:00,176
2021-07-29 14:37:00,177
2021-07-29 14:37:00,178
2021-07-29 14:37:00,179
2021-07-29 14:37:00,180
2021-07-29 14:37:00,181
2021-07-29 14:37:00,182
2021-07-29 14:37:00,183
2021-07-29 14:37:00,184
2021-07-29 14:37:00,185
2021-07-29 14:37:00,186
2021-07-29 14:37:00,187
2021-07-29 14:37:00,188
2021-07-29 14:37:00,189
2021-07-29 14:37:00,190
2021-07-29 14:37:15,191
2021-07-29 14:37:15,192
2021-07-29 14:37:15,193
2021-07-29 14:37:15,194
2021-07-29 14:37:15,195
2021-07-29 14:37:15,196
2021-07-29 14:37:15,197
2021-07-29 14:37:15,198
2021-07-29 14:37:15,199
2021-07-29 14:37:15,200
2021-07-29 14:37:15,201
2021-07-29 14:37:15,202
2021-07-29 14:37:15,203
2021-07-29 14:37:15,204
2021-07-29 14:37:15,205
2021-07-29 14:37:15,206
2021-07-29 14:37:15,207
2021-07-29 14:37:15,208
2021-07-29 14:37:15,209
2021-07-29 14:37:15,210
2021-07-29 14:37:15,211
2021-07-29 14:37:15,212
2021-07-29 14:37:15,213
2021-07-29 14:37:15,214
2021-07-29 14:37:15,215
2021-07-29 14:37:15,216
2021-07-29 14:37:15,217
2021-07-29 14:37:15,218
2021-07-29 14:37:15,219
2021-07-29 14:37:15,220
2021-07-29 14:37:15,221
2021-07-29 14:37:15,222
2021-07-29 14:37:15,223
2021-07-29 14:37:15,224
2021-07-29 14:37:15,225
2021-07-29 14:37:15,226
2021-07-29 14:37:15,227
2021-07-29 14:37:15,228
2021-07-29 14:37:15,229
2021-07-29 14:37:15,230
2021-07-29 14:37:15,231
2021-07-29 14:37:15,232
2021-07-29 14:37:15,233
2021-07-29 14:37:15,234
2021-07-29 14:37:30,235
2021-07-29 14:37:30,236
2021-07-29 14:37:30,237
2021-07-29 14:37:30,238
2021-07-29 14:37:30,239
2021-07-29 14:37:30,240
2021-07-29 14:37:30,241
2021-07-29 14:37:30,242
2021-07-29 14:37:30,243
2021-07-29 14:37:30,244
2021-07-29 14:37:30,245
2021-07-29 14:37:30,246
2021-07-29 14:37:30,247
2021-07-29 14:37:30,248
2021-07-29 14:37:30,249
2021-07-29 14:37:30,250
2021-07-29 14:37:30,251
2021-07-29 14:37:30,252
2021-07-29 14:37:30,253
2021-07-29 14:37:30,254
2021-07-29 14:37:30,255
2021-07-29 14:37:30,256
2021-07-29 14:37:30,257
2021-07-29 14:37:30,258
2021-07-29 14:37:30,259
2021-07-29 14:37:30,260
2021-07-29 14:37:30,261
2021-07-29 14:37:30,262
2021-07-29 14:37:30,263
2021-07-29 14:37:30,264
2021-07-29 14:37:30,265
2021-07-29 14:37:30,266
2021-07-29 14:37:30,267
2021-07-29 14:37:45,268
2021-07-29 14:37:45,269
2021-07-29 14:37:45,270
2021-07-29 14:37:45,271
2021-07-29 14:37:45,272
2021-07-29 14:37:45,273
2021-07-29 14:37:45,274
2021-07-29 14:37:45,275
2021-07-29 14:37:45,276
2021-07-29 14:37:45,277
2021-07-29 14:37:45,278
2021-07-29 14:37:45,279
2021-07-29 14:37:45,280
2021-07-29 14:37:45,281
2021-07-29 14:37:45,282
2021-07-29 14:37:45,283
2021-07-29 14:37:45,284
2021-07-29 14:37:45,285
2021-07-29 14:37:45,286
2021-07-29 14:37:45,287
2021-07-29 14:37:45,288
2021-07-29 14:37:45,289
2021-07-29 14:37:45,290
2021-07-29 14:37:45,291
2021-07-29 14:37:45,292
2021-07-29 14:37:45,293
2021-07-29 14:37:45,294
2021-07-29 14:37:45,295
2021-07-29 14:37:45,296
2021-07-29 14:37:45,297
2021-07-29 14:37:45,298
2021-07-29 14:37:45,299
2021-07-29 14:37:45,300
2021-07-29 14:37:45,301
2021-07-29 14:37:45,302
2021-07-29 14:38:00,303
2021-07-29 14:38:00,304
2021-07-29 14:38:00,305
2021-07-29 14:38:00,306
2021-07-29 14:38:00,307
2021-07-29 14:38:00,308
2021-07-29 14:38:00,309
2021-07-29 14:38:00,310
2021-07-29 14:38:00,311
2021-07-29 14:38:00,312
2021-07-29 14:38:00,313
2021-07-29 14:38:00,314
2021-07-29 14:38:00,315
2021-07-29 14:38:00,316
2021-07-29 14:38:00,317
2021-07-29 14:38:00,318
2021-07-29 14:38:00,319
2021-07-29 14:38:00,320
2021-07-29 14:38:00,321
2021-07-29 14:38:00,322
2021-07-29 14:38:00,323
2021-07-29 14:38:00,324
2021-07-29 14:38:00,325
2021-07-29 14:38:00,326
2021-07-29 14:38:00,327
2021-07-29 14:38:00,328
2021-07-29 14:38:00,329
2021-07-29 14:38:00,330
2021-07-29 14:38:00,331
2021-07-29 14:38:00,332
2021-07-29 14:38:00,333
2021-07-29 14:38:00,334
2021-07-29 14:38:00,335
2021-07-29 14:38:00,336
2021-07-29 14:38:00,337
2021-07-29 14:38:00,338
2021-07-29 14:38:00,339
2021-07-29 14:38:00,340
2021-07-29 14:38:00,341
2021-07-29 14:38:00,342
2021-07-29 14:38:00,343
2021-07-29 14:38:00,344
2021-07-29 14:38:00,345
2021-07-29 14:38:00,346
2021-07-29 14:38:00,347
2021-07-29 14:38:00,348
2021-07-29 14:38:15,349
2021-07-29 14:38:15,350
2021-07-29 14:38:15,351
2021-07-29 14:38:15,352
2021-07-29 14:38:15,353
2021-07-29 14:38:15,354
2021-07-29 14:38:15,355
2021-07-29 14:38:15,356
2021-07-29 14:38:15,357
2021-07-29 14:38:15,358
2021-07-29 14:38:15,359
2021-07-29 14:38:15,360
2021-07-29 14:38:15,361
2021-07-29 14:38:15,362
2021-07-29 14:38:15,363
2021-07-29 14:38:15,364
2021-07-29 14:38:15,365
2021-07-29 14:38:15,366
2021-07-29 14:38:15,367
2021-07-29 14:38:15,368
2021-07-29 14:38:15,369
2021-07-29 14:38:15,370
2021-07-29 14:38:15,371
2021-07-29 14:38:15,372
2021-07-29 14:38:15,373
2021-07-29 14:38:15,374
2021-07-29 14:38:15,375
2021-07-29 14:38:15,376
2021-07-29 14:38:15,377
2021-07-29 14:38:15,378
2021-07-29 14:38:15,379
2021-07-29 14:38:15,380
2021-07-29 14:38:15,381
2021-07-29 14:38:15,382
2021-07-29 14:38:15,383
2021-07-29 14:38:15,384
2021-07-29 14:38:15,385
2021-07-29 14:38:15,386
2021-07-29 14:38:15,387
2021-07-29 14:38:15,388
2021-07-29 14:38:30,389
2021-07-29 14:38:30,390
2021-07-29 14:38:30,391
2021-07-29 14:38:30,392
2021-07-29 14:38:30,393
2021-07-29 14:38:30,394
2021-07-29 14:38:30,395
2021-07-29 14:38:30,396
2021-07-29 14:38:30,397
2021-07-29 14:38:30,398
2021-07-29 14:38:30,399
2021-07-29 14:38:30,400
2021-07-29 14:38:30,401
2021-07-29 14:38:30,402
2021-07-29 14:38:30,403
2021-07-29 14:38:30,404
2021-07-29 14:38:30,405
2021-07-29 14:38:30,406
2021-07-29 14:38:30,407
2021-07-29 14:38:30,408
2021-07-29 14:38:30,409
2021-07-29 14:38:30,410
2021-07-29 14:38:30,411
2021-07-29 14:38:30,412
2021-07-29 14:38:30,413
2021-07-29 14:38:30,414
2021-07-29 14:38:30,415
2021-07-29 14:38:30,416
2021-07-29 14:38:30,417
2021-07-29 14:38:30,418
2021-07-29 14:38:30,419
2021-07-29 14:38:30,420
2021-07-29 14:38:30,421
2021-07-29 14:38:30,422
2021-07-29 14:38:30,423
2021-07-29 14:38:30,424
2021-07-29 14:38:30,425
2021-07-29 14:38:30,426
2021-07-29 14:38:30,427
2021-07-29 14:38:30,428
2021-07-29 14:38:30,429
2021-07-29 14:38:45,430
2021-07-29 14:38:45,431
2021-07-29 14:38:45,432
2021-07-29 14:38:45,433
2021-07-29 14:38:45,434
2021-07-29 14:38:45,435
2021-07-29 14:38:45,436
2021-07-29 14:38:45,437
2021-07-29 14:38:45,438
2021-07-29 14:38:45,439
2021-07-29 14:38:45,440
2021-07-29 14:38:45,441
2021-07-29 14:38:45,442
2021-07-29 14:38:45,443
2021-07-29 14:38:45,444
2021-07-29 14:38:45,445
2021-07-29 14:38:45,446
2021-07-29 14:38:45,447
2021-07-29 14:38:45,448
2021-07-29 14:38:45,449
2021-07-29 14:38:45,450
2021-07-29 14:38:45,451
2021-07-29 14:38:45,452
2021-07-29 14:38:45,453
2021-07-29 14:38:45,454
2021-07-29 14:38:45,455
2021-07-29 14:38:45,456
2021-07-29 14:38:45,457
2021-07-29 14:38:45,458
2021-07-29 14:38:45,459
2021-07-29 14:38:45,460
2021-07-29 14:38:45,461
2021-07-29 14:38:45,462
2021-07-29 14:38:45,463
2021-07-29 14:38:45,464
2021-07-29 14:38:45,465
2021-07-29 14:38:45,466
2021-07-29 14:38:45,467
2021-07-29 14:38:45,468
2021-07-29 14:38:45,469
2021-07-29 14:38:45,470
2021-07-29 14:38:45,471
2021-07-29 14:38:45,472
2021-07-29 14:38:45,473
2021-07-29 14:38:45,474
2021-07-29 14:38:45,475
2021-07-29 14:38:45,476
2021-07-29 14:38:45,477
2021-07-29 14:38:45,478
2021-07-29 14:38:45,479
2021-07-29 14:38:45,480
2021-07-29 14:38:45,481
2021-07-29 14:38:45,482
2021-07-29 14:38:45,483
2021-07-29 14:38:45,484
2021-07-29 14:38:45,485
2021-07-29 14:38:45,486
2021-07-29 14:38:45,487
2021-07-29 14:38:45,488
2021-07-29 14:38:45,489
2021-07-29 14:38:45,490
2021-07-29 14:38:45,491
2021-07-29 14:38:45,492
2021-07-29 14:38:45,493
2021-07-29 14:38:45,494
2021-07-29 14:38:45,495
2021-07-29 14:38:45,496
2021-07-29 14:38:45,497
2021-07-29 14:38:45,498
2021-07-29 14:38:45,499
2021-07-29 14:38:45,500
2021-07-29 14:39:00,501
2021-07-29 14:39:00,502
2021-07-29 14:39:00,503
2021-07-29 14:39:00,504
2021-07-29 14:39:00,505
2021-07-29 14:39:00,506
2021-07-29 14:39:00,507
2021-07-29 14:39:00,508
2021-07-29 14:39:00,509
2021-07-29 14:39:00,510
2021-07-29 14:39:00,511
2021-07-29 14:39:00,512
2021-07-29 14:39:00,513
2021-07-29 14:39:00,514
2021-07-29 14:39:00,515
2021-07-29 14:39:00,516
2021-07-29 14:39:00,517
2021-07-29 14:39:00,518
2021-07-29 14:39:00,519
2021-07-29 14:39:00,520
2021-07-29 14:39:00,521
2021-07-29 14:39:00,522
2021-07-29 14:39:00,523
2021-07-29 14:39:00,524
2021-07-29 14:39:00,525
2021-07-29 14:39:00,526
2021-07-29 14:39:00,527
2021-07-29 14:39:00,528
2021-07-29 14:39:00,529
2021-07-29 14:39:00,530
2021-07-29 14:39:00,531
2021-07-29 14:39:00,532
2021-07-29 14:39:00,533
2021-07-29 14:39:00,534
2021-07-29 14:39:00,535
2021-07-29 14:39:00,536
2021-07-29 14:39:00,537
2021-07-29 14:39:00,538
2021-07-29 14:39:00,539
2021-07-29 14:39:00,540
2021-07-29 14:39:00,541
2021-07-29 14:39:00,542
2021-07-29 14:39:00,543
2021-07-29 14:39:00,544
2021-07-29 14:39:00,545
2021-07-29 14:39:00,546
2021-07-29 14:39:00,547
2021-07-29 14:39:00,548
2021-07-29 14:39:15,549
2021-07-29 14:39:15,550
2021-07-29 14:39:15,551
2021-07-29 14:39:15,552
2021-07-29 14:39:15,553
2021-07-29 14:39:15,554
2021-07-29 14:39:15,555
2021-07-29 14:39:15,556
2021-07-29 14:39:15,557
2021-07-29 14:39:15,558
2021-07-29 14:39:15,559
2021-07-29 14:39:15,560
2021-07-29 14:39:15,561
2021-07-29 14:39:15,562
2021-07-29 14:39:15,563
2021-07-29 14:39:15,564
2021-07-29 14:39:15,565
2021-07-29 14:39:15,566
2021-07-29 14:39:15,567
2021-07-29 14:39:15,568
2021-07-29 14:39:15,569
2021-07-29 14:39:15,570
2021-07-29 14:39:15,571
2021-07-29 14:39:15,572
2021-07-29 14:39:15,573
2021-07-29 14:39:15,574
2021-07-29 14:39:15,575
2021-07-29 14:39:15,576
2021-07-29 14:39:15,577
2021-07-29 14:39:15,578
2021-07-29 14:39:15,579
2021-07-29 14:39:15,580
2021-07-29 14:39:15,581
2021-07-29 14:39:15,582
2021-07-29 14:39:15,583
2021-07-29 14:39:15,584
2021-07-29 14:39:15,585
2021-07-29 14:39:15,586
2021-07-29 14:39:15,587
2021-07-29 14:39:15,588
2021-07-29 14:39:15,589
2021-07-29 14:39:15,590
2021-07-29 14:39:15,591
2021-07-29 14:39:15,592
2021-07-29 14:39:15,593
2021-07-29 14:39:15,594
2021-07-29 14:39:15,595
2021-07-29 14:39:15,596
2021-07-29 14:39:15,597
2021-07-29 14:39:15,598
2021-07-29 14:39:15,599
2021-07-29 14:39:15,600
2021-07-29 14:39:30,601
2021-07-29 14:39:30,602
2021-07-29 14:39:30,603
2021-07-29 14:39:30,604
2021-07-29 14:39:30,605
2021-07-29 14:39:30,606
2021-07-29 14:39:30,607
2021-07-29 14:39:30,608
2021-07-29 14:39:30,609
2021-07-29 14:39:30,610
2021-07-29 14:39:30,611
2021-07-29 14:39:30,612
2021-07-29 14:39:30,613
2021-07-29 14:39:30,614
2021-07-29 14:39:30,615
2021-07-29 14:39:30,616
2021-07-29 14:39:30,617
2021-07-29 14:39:30,618
2021-07-29 14:39:30,619
2021-07-29 14:39:30,620
2021-07-29 14:39:30,621
2021-07-29 14:39:30,622
2021-07-29 14:39:30,623
2021-07-29 14:39:30,624
2021-07-29 14:39:30,625
2021-07-29 14:39:30,626
2021-07-29 14:39:30,627
2021-07-29 14:39:30,628
2021-07-29 14:39:30,629
2021-07-29 14:39:30,630
2021-07-29 14:39:30,631
2021-07-29 14:39:30,632
2021-07-29 14:39:30,633
2021-07-29 14:39:30,634
2021-07-29 14:39:30,635
2021-07-29 14:39:30,636
2021-07-29 14:39:30,637
2021-07-29 14:39:30,638
2021-07-29 14:39:30,639
2021-07-29 14:39:30,640
2021-07-29 14:39:45,641
2021-07-29 14:39:45,642
2021-07-29 14:39:45,643
2021-07-29 14:39:45,644
2021-07-29 14:39:45,645
2021-07-29 14:39:45,646
2021-07-29 14:39:45,647
2021-07-29 14:39:45,648
2021-07-29 14:39:45,649
2021-07-29 14:39:45,650
2021-07-29 14:39:45,651
2021-07-29 14:39:45,652
2021-07-29 14:39:45,653
2021-07-29 14:39:45,654
2021-07-29 14:39:45,655
2021-07-29 14:39:45,656
2021-07-29 14:39:45,657
2021-07-29 14:39:45,658
2021-07-29 14:39:45,659
2021-07-29 14:39:45,660
2021-07-29 14:39:45,661
2021-07-29 14:39:45,662
2021-07-29 14:39:45,663
2021-07-29 14:39:45,664
2021-07-29 14:39:45,665
2021-07-29 14:39:45,666
2021-07-29 14:39:45,667
2021-07-29 14:39:45,668
2021-07-29 14:39:45,669
2021-07-29 14:39:45,670
2021-07-29 14:39:45,671
2021-07-29 14:39:45,672
2021-07-29 14:39:45,673
2021-07-29 14:39:45,674
2021-07-29 14:39:45,675
2021-07-29 14:39:45,676
2021-07-29 14:39:45,677
2021-07-29 14:39:45,678
2021-07-29 14:40:00,679
2021-07-29 14:40:00,680
2021-07-29 14:40:00,681
2021-07-29 14:40:00,682
2021-07-29 14:40:00,683
2021-07-29 14:40:00,684
2021-07-29 14:40:00,685
2021-07-29 14:40:00,686
2021-07-29 14:40:00,687
2021-07-29 14:40:00,688
2021-07-29 14:40:00,689
2021-07-29 14:40:00,690
2021-07-29 14:40:00,691
2021-07-29 14:40:00,692
2021-07-29 14:40:00,693
2021-07-29 14:40:00,694
2021-07-29 14:40:00,695
2021-07-29 14:40:00,696
2021-07-29 14:40:00,697
2021-07-29 14:40:00,698
2021-07-29 14:40:00,699
2021-07-29 14:40:00,700
2021-07-29 14:40:00,701
2021-07-29 14:40:00,702
2021-07-29 14:40:00,703
2021-07-29 14:40:00,704
2021-07-29 14:40:00,705
2021-07-29 14:40:00,706
2021-07-29 14:40:00,707
2021-07-29 14:40:00,708
2021-07-29 14:40:00,709
2021-07-29 14:40:00,710
2021-07-29 14:40:00,711
2021-07-29 14:40:00,712
2021-07-29 14:40:00,713
2021-07-29 14:40:00,714
2021-07-29 14:40:00,715
2021-07-29 14:40:00,716
2021-07-29 14:40:00,717
2021-07-29 14:40:00,718
2021-07-29 14:40:00,719
2021-07-29 14:40:00,720
2021-07-29 14:40:00,721
2021-07-29 14:40:00,722
2021-07-29 14:40:00,723
2021-07-29 14:40:00,724
2021-07-29 14:40:15,725
2021-07-29 14:40:15,726
2021-07-29 14:40:15,727
2021-07-29 14:40:15,728
2021-07-29 14:40:15,729
2021-07-29 14:40:15,730
2021-07-29 14:40:15,731
2021-07-29 14:40:15,732
2021-07-29 14:40:15,733
2021-07-29 14:40:15,734
2021-07-29 14:40:15,735
2021-07-29 14:40:15,736
2021-07-29 14:40:15,737
2021-07-29 14:40:15,738
2021-07-29 14:40:15,739
2021-07-29 14:40:15,740
2021-07-29 14:40:15,741
2021-07-29 14:40:15,742
2021-07-29 14:40:15,743
2021-07-29 14:40:15,744
2021-07-29 14:40:15,745
2021-07-29 14:40:15,746
2021-07-29 14:40:15,747
2021-07-29 14:40:15,748
2021-07-29 14:40:15,749
2021-07-29 14:40:15,750
2021-07-29 14:40:15,751
2021-07-29 14:40:15,752
2021-07-29 14:40:15,753
2021-07-29 14:40:15,754
2021-07-29 14:40:15,755
2021-07-29 14:40:15,756
2021-07-29 14:40:15,757
2021-07-29 14:40:15,758
2021-07-29 14:40:15,759
2021-07-29 14:40:15,760
2021-07-29 14:40:15,761
2021-07-29 14:40:15,762
2021-07-29 14:40:15,763
2021-07-29 14:40:15,764
2021-07-29 14:40:15,765
2021-07-29 14:40:15,766
2021-07-29 14:40:15,767
2021-07-29 14:40:15,768
2021-07-29 14:40:15,769
2021-07-29 14:40:15,770
2021-07-29 14:40:15,771
2021-07-29 14:40:15,772
2021-07-29 14:40:15,773
2021-07-29 14:40:15,774
2021-07-29 14:40:15,775
2021-07-29 14:40:15,776
2021-07-29 14:40:15,777
2021-07-29 14:40:15,778
2021-07-29 14:40:15,779
2021-07-29 14:40:15,780
2021-07-29 14:40:15,781
2021-07-29 14:40:15,782
2021-07-29 14:40:15,783
2021-07-29 14:40:15,784
2021-07-29 14:40:15,785
2021-07-29 14:40:15,786
2021-07-29 14:40:15,787
2021-07-29 14:40:15,788
2021-07-29 14:40:15,789
2021-07-29 14:40:15,790
2021-07-29 14:40:15,791
2021-07-29 14:40:30,792
2021-07-29 14:40:30,793
2021-07-29 14:40:30,794
2021-07-29 14:40:30,795
2021-07-29 14:40:30,796
2021-07-29 14:40:30,797
2021-07-29 14:40:30,798
2021-07-29 14:40:30,799
2021-07-29 14:40:30,800
2021-07-29 14:40:30,801
2021-07-29 14:40:30,802
2021-07-29 14:40:30,803
2021-07-29 14:40:30,804
2021-07-29 14:40:30,805
2021-07-29 14:40:30,806
2021-07-29 14:40:30,807
2021-07-29 14:40:30,808
2021-07-29 14:40:30,809
2021-07-29 14:40:30,810
2021-07-29 14:40:30,811
2021-07-29 14:40:30,812
2021-07-29 14:40:30,813
2021-07-29 14:40:30,814
2021-07-29 14:40:30,815
2021-07-29 14:40:30,816
2021-07-29 14:40:30,817
2021-07-29 14:40:30,818
2021-07-29 14:40:30,819
2021-07-29 14:40:30,820
2021-07-29 14:40:30,821
2021-07-29 14:40:30,822
2021-07-29 14:40:30,823
2021-07-29 14:40:30,824
2021-07-29 14:40:30,825
2021-07-29 14:40:30,826
2021-07-29 14:40:30,827
2021-07-29 14:40:30,828
2021-07-29 14:40:30,829
2021-07-29 14:40:30,830
2021-07-29 14:40:30,831
2021-07-29 14:40:30,832
2021-07-29 14:40:30,833
2021-07-29 14:40:30,834
2021-07-29 14:40:30,835
2021-07-29 14:40:30,836
2021-07-29 14:40:30,837
2021-07-29 14:40:30,838
2021-07-29 14:40:30,839
2021-07-29 14:40:30,840
2021-07-29 14:40:30,841
2021-07-29 14:40:30,842
2021-07-29 14:40:30,843
2021-07-29 14:40:30,844
2021-07-29 14:40:30,845
2021-07-29 14:40:30,846
2021-07-29 14:40:30,847
2021-07-29 14:40:30,848
2021-07-29 14:40:30,849
2021-07-29 14:40:45,850
2021-07-29 14:40:45,851
2021-07-29 14:40:45,852
2021-07-29 14:40:45,853
2021-07-29 14:40:45,854
2021-07-29 14:40:45,855
2021-07-29 14:40:45,856
2021-07-29 14:40:45,857
2021-07-29 14:40:45,858
2021-07-29 14:40:45,859
2021-07-29 14:40:45,860
2021-07-29 14:40:45,861
2021-07-29 14:40:45,862
2021-07-29 14:40:45,863
2021-07-29 14:40:45,864
2021-07-29 14:40:45,865
2021-07-29 14:40:45,866
2021-07-29 14:40:45,867
2021-07-29 14:40:45,868
2021-07-29 14:40:45,869
2021-07-29 14:40:45,870
2021-07-29 14:40:45,871
2021-07-29 14:40:45,872
2021-07-29 14:40:45,873
2021-07-29 14:40:45,874
2021-07-29 14:40:45,875
2021-07-29 14:40:45,876
2021-07-29 14:40:45,877
2021-07-29 14:40:45,878
2021-07-29 14:40:45,879
2021-07-29 14:40:45,880
2021-07-29 14:40:45,881
2021-07-29 14:40:45,882
2021-07-29 14:40:45,883
2021-07-29 14:40:45,884
2021-07-29 14:40:45,885
2021-07-29 14:40:45,886
2021-07-29 14:40:45,887
2021-07-29 14:40:45,888
2021-07-29 14:40:45,889
2021-07-29 14:40:45,890
2021-07-29 14:40:45,891
2021-07-29 14:40:45,892
2021-07-29 14:40:45,893
2021-07-29 14:40:45,894
2021-07-29 14:40:45,895
2021-07-29 14:40:45,896
2021-07-29 14:40:45,897
2021-07-29 14:40:45,898
2021-07-29 14:40:45,899
2021-07-29 14:40:45,900
2021-07-29 14:40:45,901
2021-07-29 14:40:45,902
2021-07-29 14:41:00,903
2021-07-29 14:41:00,904
2021-07-29 14:41:00,905
2021-07-29 14:41:00,906
2021-07-29 14:41:00,907
2021-07-29 14:41:00,908
2021-07-29 14:41:00,909
2021-07-29 14:41:00,910
2021-07-29 14:41:00,911
2021-07-29 14:41:00,912
2021-07-29 14:41:00,913
2021-07-29 14:41:00,914
2021-07-29 14:41:00,915
2021-07-29 14:41:00,916
2021-07-29 14:41:00,917
2021-07-29 14:41:00,918
2021-07-29 14:41:00,919
2021-07-29 14:41:00,920
2021-07-29 14:41:00,921
2021-07-29 14:41:00,922
2021-07-29 14:41:00,923
2021-07-29 14:41:00,924
2021-07-29 14:41:00,925
2021-07-29 14:41:00,926
2021-07-29 14:41:00,927
2021-07-29 14:41:00,928
2021-07-29 14:41:00,929
2021-07-29 14:41:00,930
2021-07-29 14:41:00,931
2021-07-29 14:41:00,932
2021-07-29 14:41:00,933
2021-07-29 14:41:00,934
2021-07-29 14:41:00,935
2021-07-29 14:41:00,936
2021-07-29 14:41:00,937
2021-07-29 14:41:15,938
2021-07-29 14:41:15,939
2021-07-29 14:41:15,940
2021-07-29 14:41:15,941
2021-07-29 14:41:15,942
2021-07-29 14:41:15,943
2021-07-29 14:41:15,944
2021-07-29 14:41:15,945
2021-07-29 14:41:15,946
2021-07-29 14:41:15,947
2021-07-29 14:41:15,948
2021-07-29 14:41:15,949
2021-07-29 14:41:15,950
2021-07-29 14:41:15,951
2021-07-29 14:41:15,952
2021-07-29 14:41:15,953
2021-07-29 14:41:15,954
2021-07-29 14:41:15,955
2021-07-29 14:41:15,956
2021-07-29 14:41:15,957
2021-07-29 14:41:15,958
2021-07-29 14:41:15,959
2021-07-29 14:41:15,960
2021-07-29 14:41:15,961
2021-07-29 14:41:15,962
2021-07-29 14:41:15,963
2021-07-29 14:41:15,964
2021-07-29 14:41:15,965
2021-07-29 14:41:15,966
2021-07-29 14:41:15,967
2021-07-29 14:41:15,968
2021-07-29 14:41:15,969
2021-07-29 14:41:15,970
2021-07-29 14:41:15,971
2021-07-29 14:41:15,972
2021-07-29 14:41:15,973
2021-07-29 14:41:30,974
2021-07-29 14:41:30,975
2021-07-29 14:41:30,976
2021-07-29 14:41:30,977
2021-07-29 14:41:30,978
2021-07-29 14:41:30,979
2021-07-29 14:41:30,980
2021-07-29 14:41:30,981
2021-07-29 14:41:30,982
2021-07-29 14:41:30,983
2021-07-29 14:41:30,984
2021-07-29 14:41:30,985
2021-07-29 14:41:30,986
2021-07-29 14:41:30,987
2021-07-29 14:41:30,988
2021-07-29 14:41:30,989
2021-07-29 14:41:30,990
2021-07-29 14:41:30,991
2021-07-29 14:41:30,992
2021-07-29 14:41:30,993
2021-07-29 14:41:30,994
2021-07-29 14:41:30,995
2021-07-29 14:41:30,996
2021-07-29 14:41:30,997
2021-07-29 14:41:30,998
2021-07-29 14:41:30,999
2021-07-29 14:41:30,1000
2021-07-29 14:41:30,1001
2021-07-29 14:41:30,1002
2021-07-29 14:41:30,1003
2021-07-29 14:41:30,1004
2021-07-29 14:41:45,1005
2021-07-29 14:41:45,1006
2021-07-29 14:41:45,1007
2021-07-29 14:41:45,1008
2021-07-29 14:41:45,1009
2021-07-29 14:41:45,1010
2021-07-29 14:41:45,1011
2021-07-29 14:41:45,1012
2021-07-29 14:41:45,1013
2021-07-29 14:41:45,1014
2021-07-29 14:41:45,1015
2021-07-29 14:41:45,1016
2021-07-29 14:41:45,1017
2021-07-29 14:41:45,1018
2021-07-29 14:41:45,1019
2021-07-29 14:41:45,1020
2021-07-29 14:41:45,1021
2021-07-29 14:41:45,1022
2021-07-29 14:41:45,1023
2021-07-29 14:41:45,1024
2021-07-29 14:41:45,1025
2021-07-29 14:41:45,1026
2021-07-29 14:41:45,1027
2021-07-29 14:41:45,1028
2021-07-29 14:41:45,1029
2021-07-29 14:41:45,1030
2021-07-29 14:41:45,1031
2021-07-29 14:41:45,1032
2021-07-29 14:41:45,1033
2021-07-29 14:41:45,1034
2021-07-29 14:41:45,1035
2021-07-29 14:41:45,1036
2021-07-29 14:41:45,1037
2021-07-29 14:41:45,1038
2021-07-29 14:41:45,1039
2021-07-29 14:41:45,1040
2021-07-29 14:41:45,1041
2021-07-29 14:41:45,1042
2021-07-29 14:41:45,1043
2021-07-29 14:41:45,1044
2021-07-29 14:41:45,1045
2021-07-29 14:41:45,1046
2021-07-29 14:41:45,1047
2021-07-29 14:41:45,1048
2021-07-29 14:41:45,1049
2021-07-29 14:41:45,1050
2021-07-29 14:41:45,1051
2021-07-29 14:41:45,1052
2021-07-29 14:41:45,1053
2021-07-29 14:41:45,1054
2021-07-29 14:41:45,1055
2021-07-29 14:41:45,1056
2021-07-29 14:41:45,1057
2021-07-29 14:41:45,1058
2021-07-29 14:41:45,1059
2021-07-29 14:41:45,1060
2021-07-29 14:41:45,1061
2021-07-29 14:41:45,1062
2021-07-29 14:41:45,1063
2021-07-29 14:41:45,1064
2021-07-29 14:42:00,1065
2021-07-29 14:42:00,1066
2021-07-29 14:42:00,1067
2021-07-29 14:42:00,1068
2021-07-29 14:42:00,1069
2021-07-29 14:42:00,1070
2021-07-29 14:42:00,1071
2021-07-29 14:42:00,1072
2021-07-29 14:42:00,1073
2021-07-29 14:42:00,1074
2021-07-29 14:42:00,1075
2021-07-29 14:42:00,1076
2021-07-29 14:42:00,1077
2021-07-29 14:42:00,1078
2021-07-29 14:42:00,1079
2021-07-29 14:42:00,1080
2021-07-29 14:42:00,1081
2021-07-29 14:42:00,1082
2021-07-29 14:42:00,1083
2021-07-29 14:42:00,1084
2021-07-29 14:42:00,1085
2021-07-29 14:42:00,1086
2021-07-29 14:42:00,1087
2021-07-29 14:42:00,1088
2021-07-29 14:42:00,1089
2021-07-29 14:42:00,1090
2021-07-29 14:42:00,1091
2021-07-29 14:42:00,1092
2021-07-29 14:42:00,1093
2021-07-29 14:42:00,1094
2021-07-29 14:42:00,1095
2021-07-29 14:42:00,1096
2021-07-29 14:42:00,1097
2021-07-29 14:42:00,1098
2021-07-29 14:42:00,1099
2021-07-29 14:42:00,1100
2021-07-29 14:42:00,1101
2021-07-29 14:42:00,1102
2021-07-29 14:42:00,1103
2021-07-29 14:42:00,1104
2021-07-29 14:42:00,1105
2021-07-29 14:42:00,1106
2021-07-29 14:42:00,1107
2021-07-29 14:42:00,1108
2021-07-29 14:42:00,1109
2021-07-29 14:42:00,1110
2021-07-29 14:42:00,1111
2021-07-29 14:42:00,1112
2021-07-29 14:42:00,1113
2021-07-29 14:42:00,1114
2021-07-29 14:42:00,1115
2021-07-29 14:42:00,1116
2021-07-29 14:42:00,1117
2021-07-29 14:42:00,1118
2021-07-29 14:42:00,1119
2021-07-29 14:42:00,1120
2021-07-29 14:42:00,1121
2021-07-29 14:42:00,1122
2021-07-29 14:42:00,1123
2021-07-29 14:42:00,1124
2021-07-29 14:42:00,1125
2021-07-29 14:42:00,1126
2021-07-29 14:42:00,1127
2021-07-29 14:42:00,1128
2021-07-29 14:42:00,1129
2021-07-29 14:42:00,1130
2021-07-29 14:42:00,1131
2021-07-29 14:42:00,1132
2021-07-29 14:42:00,1133
2021-07-29 14:42:00,1134
2021-07-29 14:42:00,1135
2021-07-29 14:42:00,1136
2021-07-29 14:42:00,1137
2021-07-29 14:42:15,1138
2021-07-29 14:42:15,1139
2021-07-29 14:42:15,1140
2021-07-29 14:42:15,1141
2021-07-29 14:42:15,1142
2021-07-29 14:42:15,1143
2021-07-29 14:42:15,1144
2021-07-29 14:42:15,1145
2021-07-29 14:42:15,1146
2021-07-29 14:42:15,1147
2021-07-29 14:42:15,1148
2021-07-29 14:42:15,1149
2021-07-29 14:42:15,1150
2021-07-29 14:42:15,1151
2021-07-29 14:42:15,1152
2021-07-29 14:42:15,1153
2021-07-29 14:42:15,1154
2021-07-29 14:42:15,1155
2021-07-29 14:42:15,1156
2021-07-29 14:42:15,1157
2021-07-29 14:42:15,1158
2021-07-29 14:42:15,1159
2021-07-29 14:42:15,1160
2021-07-29 14:42:15,1161
2021-07-29 14:42:15,1162
2021-07-29 14:42:15,1163
2021-07-29 14:42:15,1164
2021-07-29 14:42:15,1165
2021-07-29 14:42:15,1166
2021-07-29 14:42:15,1167
2021-07-29 14:42:15,1168
2021-07-29 14:42:15,1169
2021-07-29 14:42:15,1170
2021-07-29 14:42:15,1171
2021-07-29 14:42:15,1172
2021-07-29 14:42:15,1173
2021-07-29 14:42:15,1174
2021-07-29 14:42:15,1175
2021-07-29 14:42:15,1176
2021-07-29 14:42:15,1177
2021-07-29 14:42:15,1178
2021-07-29 14:42:15,1179
2021-07-29 14:42:15,1180
2021-07-29 14:42:15,1181
2021-07-29 14:42:15,1182
2021-07-29 14:42:15,1183
2021-07-29 14:42:15,1184
2021-07-29 14:42:15,1185
2021-07-29 14:42:15,1186
2021-07-29 14:42:15,1187
2021-07-29 14:42:15,1188
2021-07-29 14:42:15,1189
2021-07-29 14:42:15,1190
2021-07-29 14:42:15,1191
2021-07-29 14:42:15,1192
2021-07-29 14:42:15,1193
2021-07-29 14:42:15,1194
2021-07-29 14:42:15,1195
2021-07-29 14:42:15,1196
2021-07-29 14:42:15,1197
2021-07-29 14:42:15,1198
2021-07-29 14:42:15,1199
2021-07-29 14:42:15,1200
2021-07-29 14:42:15,1201
2021-07-29 14:42:15,1202
2021-07-29 14:42:15,1203
2021-07-29 14:42:15,1204
2021-07-29 14:42:15,1205
2021-07-29 14:42:15,1206
2021-07-29 14:42:30,1207
2021-07-29 14:42:30,1208
2021-07-29 14:42:30,1209
2021-07-29 14:42:30,1210
2021-07-29 14:42:30,1211
2021-07-29 14:42:30,1212
2021-07-29 14:42:30,1213
2021-07-29 14:42:30,1214
2021-07-29 14:42:30,1215
2021-07-29 14:42:30,1216
2021-07-29 14:42:30,1217
2021-07-29 14:42:30,1218
2021-07-29 14:42:30,1219
2021-07-29 14:42:30,1220
2021-07-29 14:42:30,1221
2021-07-29 14:42:30,1222
2021-07-29 14:42:30,1223
2021-07-29 14:42:30,1224
2021-07-29 14:42:30,1225
2021-07-29 14:42:30,1226
2021-07-29 14:42:30,1227
2021-07-29 14:42:30,1228
2021-07-29 14:42:30,1229
2021-07-29 14:42:30,1230
2021-07-29 14:42:30,1231
2021-07-29 14:42:30,1232
2021-07-29 14:42:30,1233
2021-07-29 14:42:30,1234
2021-07-29 14:42:30,1235
2021-07-29 14:42:30,1236
2021-07-29 14:42:30,1237
2021-07-29 14:42:30,1238
2021-07-29 14:42:30,1239
2021-07-29 14:42:30,1240
2021-07-29 14:42:30,1241
2021-07-29 14:42:30,1242
2021-07-29 14:42:30,1243
2021-07-29 14:42:30,1244
2021-07-29 14:42:30,1245
2021-07-29 14:42:30,1246
2021-07-29 14:42:30,1247
2021-07-29 14:42:30,1248
2021-07-29 14:42:30,1249
2021-07-29 14:42:30,1250
2021-07-29 14:42:30,1251
2021-07-29 14:42:30,1252
2021-07-29 14:42:30,1253
2021-07-29 14:42:30,1254
2021-07-29 14:42:30,1255
2021-07-29 14:42:30,1256
2021-07-29 14:42:30,1257
2021-07-29 14:42:30,1258
2021-07-29 14:42:30,1259
2021-07-29 14:42:30,1260
2021-07-29 14:42:30,1261
2021-07-29 14:42:30,1262
2021-07-29 14:42:30,1263
2021-07-29 14:42:45,1264
2021-07-29 14:42:45,1265
2021-07-29 14:42:45,1266
2021-07-29 14:42:45,1267
2021-07-29 14:42:45,1268
2021-07-29 14:42:45,1269
2021-07-29 14:42:45,1270
2021-07-29 14:42:45,1271
2021-07-29 14:42:45,1272
2021-07-29 14:42:45,1273
2021-07-29 14:42:45,1274
2021-07-29 14:42:45,1275
2021-07-29 14:42:45,1276
2021-07-29 14:42:45,1277
2021-07-29 14:42:45,1278
2021-07-29 14:42:45,1279
2021-07-29 14:42:45,1280
2021-07-29 14:42:45,1281
2021-07-29 14:42:45,1282
2021-07-29 14:42:45,1283
2021-07-29 14:42:45,1284
2021-07-29 14:42:45,1285
2021-07-29 14:42:45,1286
2021-07-29 14:42:45,1287
2021-07-29 14:42:45,1288
2021-07-29 14:42:45,1289
2021-07-29 14:42:45,1290
2021-07-29 14:42:45,1291
2021-07-29 14:42:45,1292
2021-07-29 14:42:45,1293
2021-07-29 14:42:45,1294
2021-07-29 14:42:45,1295
2021-07-29 14:42:45,1296
2021-07-29 14:42:45,1297
2021-07-29 14:42:45,1298
2021-07-29 14:42:45,1299
2021-07-29 14:42:45,1300
2021-07-29 14:42:45,1301
2021-07-29 14:42:45,1302
2021-07-29 14:42:45,1303
2021-07-29 14:42:45,1304
2021-07-29 14:42:45,1305
2021-07-29 14:42:45,1306
2021-07-29 14:42:45,1307
2021-07-29 14:42:45,1308
2021-07-29 14:42:45,1309
2021-07-29 14:42:45,1310
2021-07-29 14:42:45,1311
2021-07-29 14:42:45,1312
2021-07-29 14:42:45,1313
2021-07-29 14:42:45,1314
2021-07-29 14:42:45,1315
2021-07-29 14:42:45,1316
2021-07-29 14:42:45,1317
2021-07-29 14:42:45,1318
2021-07-29 14:42:45,1319
2021-07-29 14:42:45,1320
2021-07-29 14:42:45,1321
2021-07-29 14:42:45,1322
2021-07-29 14:42:45,1323
2021-07-29 14:42:45,1324
2021-07-29 14:42:45,1325
2021-07-29 14:42:45,1326
2021-07-29 14:42:45,1327
2021-07-29 14:42:45,1328
2021-07-29 14:42:45,1329
2021-07-29 14:42:45,1330
2021-07-29 14:42:45,1331
2021-07-29 14:42:45,1332
2021-07-29 14:42:45,1333
2021-07-29 14:42:45,1334
2021-07-29 14:42:45,1335
2021-07-29 14:42:45,1336
2021-07-29 14:43:00,1337
2021-07-29 14:43:00,1338
2021-07-29 14:43:00,1339
2021-07-29 14:43:00,1340
2021-07-29 14:43:00,1341
2021-07-29 14:43:00,1342
2021-07-29 14:43:00,1343
2021-07-29 14:43:00,1344
2021-07-29 14:43:00,1345
2021-07-29 14:43:00,1346
2021-07-29 14:43:00,1347
2021-07-29 14:43:00,1348
2021-07-29 14:43:00,1349
2021-07-29 14:43:00,1350
2021-07-29 14:43:00,1351
2021-07-29 14:43:00,1352
2021-07-29 14:43:00,1353
2021-07-29 14:43:00,1354
2021-07-29 14:43:00,1355
2021-07-29 14:43:00,1356
2021-07-29 14:43:00,1357
2021-07-29 14:43:00,1358
2021-07-29 14:43:00,1359
2021-07-29 14:43:00,1360
2021-07-29 14:43:00,1361
2021-07-29 14:43:00,1362
2021-07-29 14:43:00,1363
2021-07-29 14:43:00,1364
2021-07-29 14:43:00,1365
2021-07-29 14:43:00,1366
2021-07-29 14:43:00,1367
2021-07-29 14:43:00,1368
2021-07-29 14:43:00,1369
2021-07-29 14:43:00,1370
2021-07-29 14:43:00,1371
2021-07-29 14:43:00,1372
2021-07-29 14:43:00,1373
2021-07-29 14:43:00,1374
2021-07-29 14:43:00,1375
2021-07-29 14:43:00,1376
2021-07-29 14:43:00,1377
2021-07-29 14:43:00,1378
2021-07-29 14:43:00,1379
2021-07-29 14:43:00,1380
2021-07-29 14:43:00,1381
2021-07-29 14:43:00,1382
2021-07-29 14:43:00,1383
2021-07-29 14:43:00,1384
2021-07-29 14:43:00,1385
2021-07-29 14:43:00,1386
2021-07-29 14:43:00,1387
2021-07-29 14:43:00,1388
2021-07-29 14:43:00,1389
2021-07-29 14:43:00,1390
2021-07-29 14:43:00,1391
2021-07-29 14:43:00,1392
2021-07-29 14:43:00,1393
2021-07-29 14:43:00,1394
2021-07-29 14:43:15,1395
2021-07-29 14:43:15,1396
2021-07-29 14:43:15,1397
2021-07-29 14:43:15,1398
2021-07-29 14:43:15,1399
2021-07-29 14:43:15,1400
2021-07-29 14:43:15,1401
2021-07-29 14:43:15,1402
2021-07-29 14:43:15,1403
2021-07-29 14:43:15,1404
2021-07-29 14:43:15,1405
2021-07-29 14:43:15,1406
2021-07-29 14:43:15,1407
2021-07-29 14:43:15,1408
2021-07-29 14:43:15,1409
2021-07-29 14:43:15,1410
2021-07-29 14:43:15,1411
2021-07-29 14:43:15,1412
2021-07-29 14:43:15,1413
2021-07-29 14:43:15,1414
2021-07-29 14:43:15,1415
2021-07-29 14:43:15,1416
2021-07-29 14:43:15,1417
2021-07-29 14:43:15,1418
2021-07-29 14:43:15,1419
2021-07-29 14:43:15,1420
2021-07-29 14:43:15,1421
2021-07-29 14:43:15,1422
2021-07-29 14:43:15,1423
2021-07-29 14:43:15,1424
2021-07-29 14:43:15,1425
2021-07-29 14:43:15,1426
2021-07-29 14:43:15,1427
2021-07-29 14:43:15,1428
2021-07-29 14:43:15,1429
2021-07-29 14:43:15,1430
2021-07-29 14:43:15,1431
2021-07-29 14:43:15,1432
2021-07-29 14:43:15,1433
2021-07-29 14:43:15,1434
2021-07-29 14:43:15,1435
2021-07-29 14:43:15,1436
2021-07-29 14:43:15,1437
2021-07-29 14:43:15,1438
2021-07-29 14:43:15,1439
2021-07-29 14:43:15,1440
2021-07-29 14:43:30,1441
2021-07-29 14:43:30,1442
2021-07-29 14:43:30,1443
2021-07-29 14:43:30,1444
2021-07-29 14:43:30,1445
2021-07-29 14:43:30,1446
2021-07-29 14:43:30,1447
2021-07-29 14:43:30,1448
2021-07-29 14:43:30,1449
2021-07-29 14:43:30,1450
2021-07-29 14:43:30,1451
2021-07-29 14:43:30,1452
2021-07-29 14:43:30,1453
2021-07-29 14:43:30,1454
2021-07-29 14:43:30,1455
2021-07-29 14:43:30,1456
2021-07-29 14:43:30,1457
2021-07-29 14:43:30,1458
2021-07-29 14:43:30,1459
2021-07-29 14:43:30,1460
2021-07-29 14:43:30,1461
2021-07-29 14:43:30,1462
2021-07-29 14:43:30,1463
2021-07-29 14:43:30,1464
2021-07-29 14:43:30,1465
2021-07-29 14:43:30,1466
2021-07-29 14:43:30,1467
2021-07-29 14:43:30,1468
2021-07-29 14:43:30,1469
2021-07-29 14:43:30,1470
2021-07-29 14:43:30,1471
2021-07-29 14:43:30,1472
2021-07-29 14:43:30,1473
2021-07-29 14:43:30,1474
2021-07-29 14:43:45,1475
2021-07-29 14:43:45,1476
2021-07-29 14:43:45,1477
2021-07-29 14:43:45,1478
2021-07-29 14:43:45,1479
2021-07-29 14:43:45,1480
2021-07-29 14:43:45,1481
2021-07-29 14:43:45,1482
2021-07-29 14:43:45,1483
2021-07-29 14:43:45,1484
2021-07-29 14:43:45,1485
2021-07-29 14:43:45,1486
2021-07-29 14:43:45,1487
2021-07-29 14:43:45,1488
2021-07-29 14:43:45,1489
2021-07-29 14:43:45,1490
2021-07-29 14:43:45,1491
2021-07-29 14:43:45,1492
2021-07-29 14:43:45,1493
2021-07-29 14:43:45,1494
2021-07-29 14:43:45,1495
2021-07-29 14:43:45,1496
2021-07-29 14:43:45,1497
2021-07-29 14:43:45,1498
2021-07-29 14:43:45,1499
2021-07-29 14:43:45,1500
2021-07-29 14:43:45,1501
2021-07-29 14:43:45,1502
2021-07-29 14:43:45,1503
2021-07-29 14:43:45,1504
2021-07-29 14:43:45,1505
2021-07-29 14:43:45,1506
2021-07-29 14:43:45,1507
2021-07-29 14:43:45,1508
2021-07-29 14:43:45,1509
2021-07-29 14:43:45,1510
2021-07-29 14:43:45,1511
2021-07-29 14:43:45,1512
2021-07-29 14:43:45,1513
2021-07-29 14:43:45,1514
2021-07-29 14:43:45,1515
2021-07-29 14:43:45,1516
2021-07-29 14:43:45,1517
2021-07-29 14:44:00,1518
2021-07-29 14:44:00,1519
2021-07-29 14:44:00,1520
2021-07-29 14:44:00,1521
2021-07-29 14:44:00,1522
2021-07-29 14:44:00,1523
2021-07-29 14:44:00,1524
2021-07-29 14:44:00,1525
2021-07-29 14:44:00,1526
2021-07-29 14:44:00,1527
2021-07-29 14:44:00,1528
2021-07-29 14:44:00,1529
2021-07-29 14:44:00,1530
2021-07-29 14:44:00,1531
2021-07-29 14:44:00,1532
2021-07-29 14:44:00,1533
2021-07-29 14:44:00,1534
2021-07-29 14:44:00,1535
2021-07-29 14:44:00,1536
2021-07-29 14:44:00,1537
2021-07-29 14:44:00,1538
2021-07-29 14:44:00,1539
2021-07-29 14:44:00,1540
2021-07-29 14:44:00,1541
2021-07-29 14:44:00,1542
2021-07-29 14:44:00,1543
2021-07-29 14:44:00,1544
2021-07-29 14:44:00,1545
2021-07-29 14:44:00,1546
2021-07-29 14:44:00,1547
2021-07-29 14:44:00,1548
2021-07-29 14:44:00,1549
2021-07-29 14:44:00,1550
2021-07-29 14:44:00,1551
2021-07-29 14:44:00,1552
2021-07-29 14:44:00,1553
2021-07-29 14:44:00,1554
2021-07-29 14:44:00,1555
2021-07-29 14:44:00,1556
2021-07-29 14:44:00,1557
2021-07-29 14:44:00,1558
2021-07-29 14:44:00,1559
2021-07-29 14:44:15,1560
2021-07-29 14:44:15,1561
2021-07-29 14:44:15,1562
2021-07-29 14:44:15,1563
2021-07-29 14:44:15,1564
2021-07-29 14:44:15,1565
2021-07-29 14:44:15,1566
2021-07-29 14:44:15,1567
2021-07-29 14:44:15,1568
2021-07-29 14:44:15,1569
2021-07-29 14:44:15,1570
2021-07-29 14:44:15,1571
2021-07-29 14:44:15,1572
2021-07-29 14:44:15,1573
2021-07-29 14:44:15,1574
2021-07-29 14:44:15,1575
2021-07-29 14:44:15,1576
2021-07-29 14:44:15,1577
2021-07-29 14:44:15,1578
2021-07-29 14:44:15,1579
2021-07-29 14:44:15,1580
2021-07-29 14:44:15,1581
2021-07-29 14:44:15,1582
2021-07-29 14:44:15,1583
2021-07-29 14:44:15,1584
2021-07-29 14:44:15,1585
2021-07-29 14:44:15,1586
2021-07-29 14:44:15,1587
2021-07-29 14:44:15,1588
2021-07-29 14:44:15,1589
2021-07-29 14:44:15,1590
2021-07-29 14:44:15,1591
2021-07-29 14:44:15,1592
2021-07-29 14:44:15,1593
2021-07-29 14:44:15,1594
2021-07-29 14:44:15,1595
2021-07-29 14:44:15,1596
2021-07-29 14:44:15,1597
2021-07-29 14:44:15,1598
2021-07-29 14:44:15,1599
2021-07-29 14:44:15,1600
2021-07-29 14:44:15,1601
2021-07-29 14:44:15,1602
2021-07-29 14:44:15,1603
2021-07-29 14:44:15,1604
2021-07-29 14:44:15,1605
2021-07-29 14:44:15,1606
2021-07-29 14:44:15,1607
2021-07-29 14:44:15,1608
2021-07-29 14:44:30,1609
2021-07-29 14:44:30,1610
2021-07-29 14:44:30,1611
2021-07-29 14:44:30,1612
2021-07-29 14:44:30,1613
2021-07-29 14:44:30,1614
2021-07-29 14:44:30,1615
2021-07-29 14:44:30,1616
2021-07-29 14:44:30,1617
2021-07-29 14:44:30,1618
2021-07-29 14:44:30,1619
2021-07-29 14:44:30,1620
2021-07-29 14:44:30,1621
2021-07-29 14:44:30,1622
2021-07-29 14:44:30,1623
2021-07-29 14:44:30,1624
2021-07-29 14:44:30,1625
2021-07-29 14:44:30,1626
2021-07-29 14:44:30,1627
2021-07-29 14:44:30,1628
2021-07-29 14:44:30,1629
2021-07-29 14:44:30,1630
2021-07-29 14:44:30,1631
2021-07-29 14:44:30,1632
2021-07-29 14:44:30,1633
2021-07-29 14:44:30,1634
2021-07-29 14:44:30,1635
2021-07-29 14:44:30,1636
2021-07-29 14:44:30,1637
2021-07-29 14:44:30,1638
2021-07-29 14:44:30,1639
2021-07-29 14:44:30,1640
2021-07-29 14:44:30,1641
2021-07-29 14:44:30,1642
2021-07-29 14:44:30,1643
2021-07-29 14:44:30,1644
2021-07-29 14:44:30,1645
2021-07-29 14:44:30,1646
2021-07-29 14:44:30,1647
2021-07-29 14:44:30,1648
2021-07-29 14:44:30,1649
2021-07-29 14:44:30,1650
2021-07-29 14:44:30,1651
2021-07-29 14:44:30,1652
2021-07-29 14:44:30,1653
2021-07-29 14:44:30,1654
2021-07-29 14:44:30,1655
2021-07-29 14:44:30,1656
2021-07-29 14:44:30,1657
2021-07-29 14:44:30,1658
2021-07-29 14:44:30,1659
2021-07-29 14:44:30,1660
2021-07-29 14:44:30,1661
2021-07-29 14:44:30,1662
2021-07-29 14:44:30,1663
2021-07-29 14:44:30,1664
2021-07-29 14:44:30,1665
2021-07-29 14:44:30,1666
2021-07-29 14:44:45,1667
2021-07-29 14:44:45,1668
2021-07-29 14:44:45,1669
2021-07-29 14:44:45,1670
2021-07-29 14:44:45,1671
2021-07-29 14:44:45,1672
2021-07-29 14:44:45,1673
2021-07-29 14:44:45,1674
2021-07-29 14:44:45,1675
2021-07-29 14:44:45,1676
2021-07-29 14:44:45,1677
2021-07-29 14:44:45,1678
2021-07-29 14:44:45,1679
2021-07-29 14:44:45,1680
2021-07-29 14:44:45,1681
2021-07-29 14:44:45,1682
2021-07-29 14:44:45,1683
2021-07-29 14:44:45,1684
2021-07-29 14:44:45,1685
2021-07-29 14:44:45,1686
2021-07-29 14:44:45,1687
2021-07-29 14:44:45,1688
2021-07-29 14:44:45,1689
2021-07-29 14:44:45,1690
2021-07-29 14:44:45,1691
2021-07-29 14:44:45,1692
2021-07-29 14:44:45,1693
2021-07-29 14:44:45,1694
2021-07-29 14:44:45,1695
2021-07-29 14:44:45,1696
2021-07-29 14:44:45,1697
2021-07-29 14:44:45,1698
2021-07-29 14:44:45,1699
2021-07-29 14:44:45,1700
2021-07-29 14:44:45,1701
2021-07-29 14:44:45,1702
2021-07-29 14:44:45,1703
2021-07-29 14:44:45,1704
2021-07-29 14:44:45,1705
2021-07-29 14:44:45,1706
2021-07-29 14:44:45,1707
2021-07-29 14:44:45,1708
2021-07-29 14:44:45,1709
2021-07-29 14:44:45,1710
2021-07-29 14:44:45,1711
2021-07-29 14:44:45,1712
2021-07-29 14:45:00,1713
2021-07-29 14:45:00,1714
2021-07-29 14:45:00,1715
2021-07-29 14:45:00,1716
2021-07-29 14:45:00,1717
2021-07-29 14:45:00,1718
2021-07-29 14:45:00,1719
2021-07-29 14:45:00,1720
2021-07-29 14:45:00,1721
2021-07-29 14:45:00,1722
2021-07-29 14:45:00,1723
2021-07-29 14:45:00,1724
2021-07-29 14:45:00,1725
2021-07-29 14:45:00,1726
2021-07-29 14:45:00,1727
2021-07-29 14:45:00,1728
2021-07-29 14:45:00,1729
2021-07-29 14:45:00,1730
2021-07-29 14:45:00,1731
2021-07-29 14:45:00,1732
2021-07-29 14:45:00,1733
2021-07-29 14:45:00,1734
2021-07-29 14:45:00,1735
2021-07-29 14:45:00,1736
2021-07-29 14:45:00,1737
2021-07-29 14:45:00,1738
2021-07-29 14:45:00,1739
2021-07-29 14:45:00,1740
2021-07-29 14:45:00,1741
2021-07-29 14:45:00,1742
2021-07-29 14:45:00,1743
2021-07-29 14:45:00,1744
2021-07-29 14:45:00,1745
2021-07-29 14:45:00,1746
2021-07-29 14:45:00,1747
2021-07-29 14:45:00,1748
2021-07-29 14:45:00,1749
2021-07-29 14:45:00,1750
2021-07-29 14:45:00,1751
2021-07-29 14:45:00,1752
2021-07-29 14:45:00,1753
2021-07-29 14:45:00,1754
2021-07-29 14:45:00,1755
2021-07-29 14:45:00,1756
2021-07-29 14:45:00,1757
2021-07-29 14:45:00,1758
2021-07-29 14:45:00,1759
2021-07-29 14:45:15,1760
2021-07-29 14:45:15,1761
2021-07-29 14:45:15,1762
2021-07-29 14:45:15,1763
2021-07-29 14:45:15,1764
2021-07-29 14:45:15,1765
2021-07-29 14:45:15,1766
2021-07-29 14:45:15,1767
2021-07-29 14:45:15,1768
2021-07-29 14:45:15,1769
2021-07-29 14:45:15,1770
2021-07-29 14:45:15,1771
2021-07-29 14:45:15,1772
2021-07-29 14:45:15,1773
2021-07-29 14:45:15,1774
2021-07-29 14:45:15,1775
2021-07-29 14:45:15,1776
2021-07-29 14:45:15,1777
2021-07-29 14:45:15,1778
2021-07-29 14:45:15,1779
2021-07-29 14:45:15,1780
2021-07-29 14:45:15,1781
2021-07-29 14:45:15,1782
2021-07-29 14:45:15,1783
2021-07-29 14:45:15,1784
2021-07-29 14:45:15,1785
2021-07-29 14:45:15,1786
2021-07-29 14:45:15,1787
2021-07-29 14:45:15,1788
2021-07-29 14:45:15,1789
2021-07-29 14:45:15,1790
2021-07-29 14:45:15,1791
2021-07-29 14:45:15,1792
2021-07-29 14:45:15,1793
2021-07-29 14:45:15,1794
2021-07-29 14:45:15,1795
2021-07-29 14:45:15,1796
2021-07-29 14:45:15,1797
2021-07-29 14:45:15,1798
2021-07-29 14:45:15,1799
2021-07-29 14:45:15,1800
2021-07-29 14:45:15,1801
2021-07-29 14:45:15,1802
2021-07-29 14:45:15,1803
2021-07-29 14:45:15,1804
2021-07-29 14:45:15,1805
2021-07-29 14:45:30,1806
2021-07-29 14:45:30,1807
2021-07-29 14:45:30,1808
2021-07-29 14:45:30,1809
2021-07-29 14:45:30,1810
2021-07-29 14:45:30,1811
2021-07-29 14:45:30,1812
2021-07-29 14:45:30,1813
2021-07-29 14:45:30,1814
2021-07-29 14:45:30,1815
2021-07-29 14:45:30,1816
2021-07-29 14:45:30,1817
2021-07-29 14:45:30,1818
2021-07-29 14:45:30,1819
2021-07-29 14:45:30,1820
2021-07-29 14:45:30,1821
2021-07-29 14:45:30,1822
2021-07-29 14:45:30,1823
2021-07-29 14:45:30,1824
2021-07-29 14:45:30,1825
2021-07-29 14:45:30,1826
2021-07-29 14:45:30,1827
2021-07-29 14:45:30,1828
2021-07-29 14:45:30,1829
2021-07-29 14:45:30,1830
2021-07-29 14:45:30,1831
2021-07-29 14:45:30,1832
2021-07-29 14:45:30,1833
2021-07-29 14:45:30,1834
2021-07-29 14:45:30,1835
2021-07-29 14:45:30,1836
2021-07-29 14:45:30,1837
2021-07-29 14:45:30,1838
2021-07-29 14:45:30,1839
2021-07-29 14:45:30,1840
2021-07-29 14:45:45,1841
2021-07-29 14:45:45,1842
2021-07-29 14:45:45,1843
2021-07-29 14:45:45,1844
2021-07-29 14:45:45,1845
2021-07-29 14:45:45,1846
2021-07-29 14:45:45,1847
2021-07-29 14:45:45,1848
2021-07-29 14:45:45,1849
2021-07-29 14:45:45,1850
2021-07-29 14:45:45,1851
2021-07-29 14:45:45,1852
2021-07-29 14:45:45,1853
2021-07-29 14:45:45,1854
2021-07-29 14:45:45,1855
2021-07-29 14:45:45,1856
2021-07-29 14:45:45,1857
2021-07-29 14:45:45,1858
2021-07-29 14:45:45,1859
2021-07-29 14:45:45,1860
2021-07-29 14:45:45,1861
2021-07-29 14:45:45,1862
2021-07-29 14:45:45,1863
2021-07-29 14:45:45,1864
2021-07-29 14:45:45,1865
2021-07-29 14:45:45,1866
2021-07-29 14:45:45,1867
2021-07-29 14:45:45,1868
2021-07-29 14:45:45,1869
2021-07-29 14:45:45,1870
2021-07-29 14:45:45,1871
2021-07-29 14:45:45,1872
2021-07-29 14:45:45,1873
2021-07-29 14:45:45,1874
2021-07-29 14:45:45,1875
2021-07-29 14:45:45,1876
2021-07-29 14:45:45,1877
2021-07-29 14:45:45,1878
2021-07-29 14:45:45,1879
2021-07-29 14:45:45,1880
2021-07-29 14:45:45,1881
2021-07-29 14:45:45,1882
2021-07-29 14:45:45,1883
2021-07-29 14:46:00,1884
2021-07-29 14:46:00,1885
2021-07-29 14:46:00,1886
2021-07-29 14:46:00,1887
2021-07-29 14:46:00,1888
2021-07-29 14:46:00,1889
2021-07-29 14:46:00,1890
2021-07-29 14:46:00,1891
2021-07-29 14:46:00,1892
2021-07-29 14:46:00,1893
2021-07-29 14:46:00,1894
2021-07-29 14:46:00,1895
2021-07-29 14:46:00,1896
2021-07-29 14:46:00,1897
2021-07-29 14:46:00,1898
2021-07-29 14:46:00,1899
2021-07-29 14:46:00,1900
2021-07-29 14:46:00,1901
2021-07-29 14:46:00,1902
2021-07-29 14:46:00,1903
2021-07-29 14:46:00,1904
2021-07-29 14:46:00,1905
2021-07-29 14:46:00,1906
2021-07-29 14:46:00,1907
2021-07-29 14:46:00,1908
2021-07-29 14:46:00,1909
2021-07-29 14:46:00,1910
2021-07-29 14:46:00,1911
2021-07-29 14:46:00,1912
2021-07-29 14:46:00,1913
2021-07-29 14:46:00,1914
2021-07-29 14:46:00,1915
2021-07-29 14:46:00,1916
2021-07-29 14:46:00,1917
2021-07-29 14:46:00,1918
2021-07-29 14:46:00,1919
2021-07-29 14:46:15,1920
2021-07-29 14:46:15,1921
2021-07-29 14:46:15,1922
2021-07-29 14:46:15,1923
2021-07-29 14:46:15,1924
2021-07-29 14:46:15,1925
2021-07-29 14:46:15,1926
2021-07-29 14:46:15,1927
2021-07-29 14:46:15,1928
2021-07-29 14:46:15,1929
2021-07-29 14:46:15,1930
2021-07-29 14:46:15,1931
2021-07-29 14:46:15,1932
2021-07-29 14:46:15,1933
2021-07-29 14:46:15,1934
2021-07-29 14:46:15,1935
2021-07-29 14:46:15,1936
2021-07-29 14:46:15,1937
2021-07-29 14:46:15,1938
2021-07-29 14:46:15,1939
2021-07-29 14:46:15,1940
2021-07-29 14:46:15,1941
2021-07-29 14:46:15,1942
2021-07-29 14:46:15,1943
2021-07-29 14:46:15,1944
2021-07-29 14:46:15,1945
2021-07-29 14:46:15,1946
2021-07-29 14:46:15,1947
2021-07-29 14:46:15,1948
2021-07-29 14:46:15,1949
2021-07-29 14:46:15,1950
2021-07-29 14:46:15,1951
2021-07-29 14:46:15,1952
2021-07-29 14:46:15,1953
2021-07-29 14:46:15,1954
2021-07-29 14:46:15,1955
2021-07-29 14:46:15,1956
2021-07-29 14:46:15,1957
2021-07-29 14:46:15,1958
2021-07-29 14:46:15,1959
2021-07-29 14:46:15,1960
2021-07-29 14:46:15,1961
2021-07-29 14:46:15,1962
2021-07-29 14:46:15,1963
2021-07-29 14:46:15,1964
2021-07-29 14:46:15,1965
2021-07-29 14:46:15,1966
2021-07-29 14:46:15,1967
2021-07-29 14:46:15,1968
2021-07-29 14:46:30,1969
2021-07-29 14:46:30,1970
2021-07-29 14:46:30,1971
2021-07-29 14:46:30,1972
2021-07-29 14:46:30,1973
2021-07-29 14:46:30,1974
2021-07-29 14:46:30,1975
2021-07-29 14:46:30,1976
2021-07-29 14:46:30,1977
2021-07-29 14:46:30,1978
2021-07-29 14:46:30,1979
2021-07-29 14:46:30,1980
2021-07-29 14:46:30,1981
2021-07-29 14:46:30,1982
2021-07-29 14:46:30,1983
2021-07-29 14:46:30,1984
2021-07-29 14:46:30,1985
2021-07-29 14:46:30,1986
2021-07-29 14:46:30,1987
2021-07-29 14:46:30,1988
2021-07-29 14:46:30,1989
2021-07-29 14:46:30,1990
2021-07-29 14:46:30,1991
2021-07-29 14:46:30,1992
2021-07-29 14:46:30,1993
2021-07-29 14:46:30,1994
2021-07-29 14:46:30,1995
2021-07-29 14:46:30,1996
2021-07-29 14:46:30,1997
2021-07-29 14:46:30,1998
2021-07-29 14:46:30,1999
2021-07-29 14:46:30,2000
2021-07-29 14:46:30,2001
2021-07-29 14:46:30,2002
2021-07-29 14:46:30,2003
2021-07-29 14:46:30,2004
2021-07-29 14:46:30,2005
2021-07-29 14:46:30,2006
2021-07-29 14:46:30,2007
2021-07-29 14:46:30,2008
2021-07-29 14:46:30,2009
2021-07-29 14:46:30,2010
2021-07-29 14:46:30,2011
2021-07-29 14:46:30,2012
2021-07-29 14:46:30,2013
2021-07-29 14:46:30,2014
2021-07-29 14:46:30,2015
2021-07-29 14:46:30,2016
2021-07-29 14:46:30,2017
2021-07-29 14:46:45,2018
2021-07-29 14:46:45,2019
2021-07-29 14:46:45,2020
2021-07-29 14:46:45,2021
2021-07-29 14:46:45,2022
2021-07-29 14:46:45,2023
2021-07-29 14:46:45,2024
2021-07-29 14:46:45,2025
2021-07-29 14:46:45,2026
2021-07-29 14:46:45,2027
2021-07-29 14:46:45,2028
2021-07-29 14:46:45,2029
2021-07-29 14:46:45,2030
2021-07-29 14:46:45,2031
2021-07-29 14:46:45,2032
2021-07-29 14:46:45,2033
2021-07-29 14:46:45,2034
2021-07-29 14:46:45,2035
2021-07-29 14:46:45,2036
2021-07-29 14:46:45,2037
2021-07-29 14:46:45,2038
2021-07-29 14:46:45,2039
2021-07-29 14:46:45,2040
2021-07-29 14:46:45,2041
2021-07-29 14:46:45,2042
2021-07-29 14:46:45,2043
2021-07-29 14:46:45,2044
2021-07-29 14:46:45,2045
2021-07-29 14:46:45,2046
2021-07-29 14:46:45,2047
2021-07-29 14:46:45,2048
2021-07-29 14:46:45,2049
2021-07-29 14:46:45,2050
2021-07-29 14:46:45,2051
2021-07-29 14:46:45,2052
2021-07-29 14:46:45,2053
2021-07-29 14:46:45,2054
2021-07-29 14:46:45,2055
2021-07-29 14:46:45,2056
2021-07-29 14:47:00,2057
2021-07-29 14:47:00,2058
2021-07-29 14:47:00,2059
2021-07-29 14:47:00,2060
2021-07-29 14:47:00,2061
2021-07-29 14:47:00,2062
2021-07-29 14:47:00,2063
2021-07-29 14:47:00,2064
2021-07-29 14:47:00,2065
2021-07-29 14:47:00,2066
2021-07-29 14:47:00,2067
2021-07-29 14:47:00,2068
2021-07-29 14:47:00,2069
2021-07-29 14:47:00,2070
2021-07-29 14:47:00,2071
2021-07-29 14:47:00,2072
2021-07-29 14:47:00,2073
2021-07-29 14:47:00,2074
2021-07-29 14:47:00,2075
2021-07-29 14:47:00,2076
2021-07-29 14:47:00,2077
2021-07-29 14:47:00,2078
2021-07-29 14:47:00,2079
2021-07-29 14:47:00,2080
2021-07-29 14:47:00,2081
2021-07-29 14:47:00,2082
2021-07-29 14:47:00,2083
2021-07-29 14:47:00,2084
2021-07-29 14:47:00,2085
2021-07-29 14:47:00,2086
2021-07-29 14:47:00,2087
2021-07-29 14:47:00,2088
2021-07-29 14:47:00,2089
2021-07-29 14:47:00,2090
2021-07-29 14:47:00,2091
2021-07-29 14:47:00,2092
2021-07-29 14:47:00,2093
2021-07-29 14:47:00,2094
2021-07-29 14:47:00,2095
2021-07-29 14:47:00,2096
2021-07-29 14:47:00,2097
2021-07-29 14:47:00,2098
2021-07-29 14:47:00,2099
2021-07-29 14:47:00,2100
2021-07-29 14:47:00,2101
2021-07-29 14:47:00,2102
2021-07-29 14:47:00,2103
2021-07-29 14:47:00,2104
2021-07-29 14:47:00,2105
2021-07-29 14:47:00,2106
2021-07-29 14:47:00,2107
2021-07-29 14:47:00,2108
2021-07-29 14:47:00,2109
2021-07-29 14:47:00,2110
2021-07-29 14:47:00,2111
2021-07-29 14:47:00,2112
2021-07-29 14:47:00,2113
2021-07-29 14:47:15,2114
2021-07-29 14:47:15,2115
2021-07-29 14:47:15,2116
2021-07-29 14:47:15,2117
2021-07-29 14:47:15,2118
2021-07-29 14:47:15,2119
2021-07-29 14:47:15,2120
2021-07-29 14:47:15,2121
2021-07-29 14:47:15,2122
2021-07-29 14:47:15,2123
2021-07-29 14:47:15,2124
2021-07-29 14:47:15,2125
2021-07-29 14:47:15,2126
2021-07-29 14:47:15,2127
2021-07-29 14:47:15,2128
2021-07-29 14:47:15,2129
2021-07-29 14:47:15,2130
2021-07-29 14:47:15,2131
2021-07-29 14:47:15,2132
2021-07-29 14:47:15,2133
2021-07-29 14:47:15,2134
2021-07-29 14:47:15,2135
2021-07-29 14:47:15,2136
2021-07-29 14:47:15,2137
2021-07-29 14:47:15,2138
2021-07-29 14:47:15,2139
2021-07-29 14:47:15,2140
2021-07-29 14:47:15,2141
2021-07-29 14:47:15,2142
2021-07-29 14:47:15,2143
2021-07-29 14:47:15,2144
2021-07-29 14:47:15,2145
2021-07-29 14:47:15,2146
2021-07-29 14:47:15,2147
2021-07-29 14:47:15,2148
2021-07-29 14:47:15,2149
2021-07-29 14:47:15,2150
2021-07-29 14:47:15,2151
2021-07-29 14:47:15,2152
2021-07-29 14:47:15,2153
2021-07-29 14:47:15,2154
2021-07-29 14:47:15,2155
2021-07-29 14:47:15,2156
2021-07-29 14:47:15,2157
2021-07-29 14:47:15,2158
2021-07-29 14:47:15,2159
2021-07-29 14:47:15,2160
2021-07-29 14:47:15,2161
2021-07-29 14:47:15,2162
2021-07-29 14:47:15,2163
2021-07-29 14:47:15,2164
2021-07-29 14:47:15,2165
2021-07-29 14:47:30,2166
2021-07-29 14:47:30,2167
2021-07-29 14:47:30,2168
2021-07-29 14:47:30,2169
2021-07-29 14:47:30,2170
2021-07-29 14:47:30,2171
2021-07-29 14:47:30,2172
2021-07-29 14:47:30,2173
2021-07-29 14:47:30,2174
2021-07-29 14:47:30,2175
2021-07-29 14:47:30,2176
2021-07-29 14:47:30,2177
2021-07-29 14:47:30,2178
2021-07-29 14:47:30,2179
2021-07-29 14:47:30,2180
2021-07-29 14:47:30,2181
2021-07-29 14:47:30,2182
2021-07-29 14:47:30,2183
2021-07-29 14:47:30,2184
2021-07-29 14:47:30,2185
2021-07-29 14:47:30,2186
2021-07-29 14:47:30,2187
2021-07-29 14:47:30,2188
2021-07-29 14:47:30,2189
2021-07-29 14:47:30,2190
2021-07-29 14:47:30,2191
2021-07-29 14:47:30,2192
2021-07-29 14:47:30,2193
2021-07-29 14:47:30,2194
2021-07-29 14:47:30,2195
2021-07-29 14:47:30,2196
2021-07-29 14:47:30,2197
2021-07-29 14:47:30,2198
2021-07-29 14:47:30,2199
2021-07-29 14:47:30,2200
2021-07-29 14:47:30,2201
2021-07-29 14:47:30,2202
2021-07-29 14:47:30,2203
2021-07-29 14:47:30,2204
2021-07-29 14:47:30,2205
2021-07-29 14:47:30,2206
2021-07-29 14:47:30,2207
2021-07-29 14:47:30,2208
2021-07-29 14:47:30,2209
2021-07-29 14:47:30,2210
2021-07-29 14:47:30,2211
2021-07-29 14:47:30,2212
2021-07-29 14:47:30,2213
2021-07-29 14:47:30,2214
2021-07-29 14:47:30,2215
2021-07-29 14:47:30,2216
2021-07-29 14:47:30,2217
2021-07-29 14:47:30,2218
2021-07-29 14:47:30,2219
2021-07-29 14:47:45,2220
2021-07-29 14:47:45,2221
2021-07-29 14:47:45,2222
2021-07-29 14:47:45,2223
2021-07-29 14:47:45,2224
2021-07-29 14:47:45,2225
2021-07-29 14:47:45,2226
2021-07-29 14:47:45,2227
2021-07-29 14:47:45,2228
2021-07-29 14:47:45,2229
2021-07-29 14:47:45,2230
2021-07-29 14:47:45,2231
2021-07-29 14:47:45,2232
2021-07-29 14:47:45,2233
2021-07-29 14:47:45,2234
2021-07-29 14:47:45,2235
2021-07-29 14:47:45,2236
2021-07-29 14:47:45,2237
2021-07-29 14:47:45,2238
2021-07-29 14:47:45,2239
2021-07-29 14:47:45,2240
2021-07-29 14:47:45,2241
2021-07-29 14:47:45,2242
2021-07-29 14:47:45,2243
2021-07-29 14:47:45,2244
2021-07-29 14:47:45,2245
2021-07-29 14:47:45,2246
2021-07-29 14:47:45,2247
2021-07-29 14:47:45,2248
2021-07-29 14:47:45,2249
2021-07-29 14:47:45,2250
2021-07-29 14:47:45,2251
2021-07-29 14:47:45,2252
2021-07-29 14:47:45,2253
2021-07-29 14:47:45,2254
2021-07-29 14:47:45,2255
2021-07-29 14:47:45,2256
2021-07-29 14:47:45,2257
2021-07-29 14:47:45,2258
2021-07-29 14:47:45,2259
2021-07-29 14:47:45,2260
2021-07-29 14:47:45,2261
2021-07-29 14:48:00,2262
2021-07-29 14:48:00,2263
2021-07-29 14:48:00,2264
2021-07-29 14:48:00,2265
2021-07-29 14:48:00,2266
2021-07-29 14:48:00,2267
2021-07-29 14:48:00,2268
2021-07-29 14:48:00,2269
2021-07-29 14:48:00,2270
2021-07-29 14:48:00,2271
2021-07-29 14:48:00,2272
2021-07-29 14:48:00,2273
2021-07-29 14:48:00,2274
2021-07-29 14:48:00,2275
2021-07-29 14:48:00,2276
2021-07-29 14:48:00,2277
2021-07-29 14:48:00,2278
2021-07-29 14:48:00,2279
2021-07-29 14:48:00,2280
2021-07-29 14:48:00,2281
2021-07-29 14:48:00,2282
2021-07-29 14:48:00,2283
2021-07-29 14:48:00,2284
2021-07-29 14:48:00,2285
2021-07-29 14:48:00,2286
2021-07-29 14:48:00,2287
2021-07-29 14:48:00,2288
2021-07-29 14:48:00,2289
2021-07-29 14:48:00,2290
2021-07-29 14:48:00,2291
2021-07-29 14:48:00,2292
2021-07-29 14:48:00,2293
2021-07-29 14:48:00,2294
2021-07-29 14:48:00,2295
2021-07-29 14:48:00,2296
2021-07-29 14:48:00,2297
2021-07-29 14:48:00,2298
2021-07-29 14:48:00,2299
2021-07-29 14:48:00,2300
2021-07-29 14:48:00,2301
2021-07-29 14:48:00,2302
2021-07-29 14:48:00,2303
2021-07-29 14:48:15,2304
2021-07-29 14:48:15,2305
2021-07-29 14:48:15,2306
2021-07-29 14:48:15,2307
2021-07-29 14:48:15,2308
2021-07-29 14:48:15,2309
2021-07-29 14:48:15,2310
2021-07-29 14:48:15,2311
2021-07-29 14:48:15,2312
2021-07-29 14:48:15,2313
2021-07-29 14:48:15,2314
2021-07-29 14:48:15,2315
2021-07-29 14:48:15,2316
2021-07-29 14:48:15,2317
2021-07-29 14:48:15,2318
2021-07-29 14:48:15,2319
2021-07-29 14:48:15,2320
2021-07-29 14:48:15,2321
2021-07-29 14:48:15,2322
2021-07-29 14:48:15,2323
2021-07-29 14:48:15,2324
2021-07-29 14:48:15,2325
2021-07-29 14:48:15,2326
2021-07-29 14:48:15,2327
2021-07-29 14:48:15,2328
2021-07-29 14:48:15,2329
2021-07-29 14:48:15,2330
2021-07-29 14:48:15,2331
2021-07-29 14:48:15,2332
2021-07-29 14:48:15,2333
2021-07-29 14:48:15,2334
2021-07-29 14:48:15,2335
2021-07-29 14:48:15,2336
2021-07-29 14:48:15,2337
2021-07-29 14:48:15,2338
2021-07-29 14:48:15,2339
2021-07-29 14:48:15,2340
2021-07-29 14:48:15,2341
2021-07-29 14:48:15,2342
2021-07-29 14:48:15,2343
2021-07-29 14:48:15,2344
2021-07-29 14:48:15,2345
2021-07-29 14:48:15,2346
2021-07-29 14:48:15,2347
2021-07-29 14:48:15,2348
2021-07-29 14:48:15,2349
2021-07-29 14:48:15,2350
2021-07-29 14:48:15,2351
2021-07-29 14:48:15,2352
2021-07-29 14:48:15,2353
2021-07-29 14:48:15,2354
2021-07-29 14:48:15,2355
2021-07-29 14:48:15,2356
2021-07-29 14:48:15,2357
2021-07-29 14:48:15,2358
2021-07-29 14:48:30,2359
2021-07-29 14:48:30,2360
2021-07-29 14:48:30,2361
2021-07-29 14:48:30,2362
2021-07-29 14:48:30,2363
2021-07-29 14:48:30,2364
2021-07-29 14:48:30,2365
2021-07-29 14:48:30,2366
2021-07-29 14:48:30,2367
2021-07-29 14:48:30,2368
2021-07-29 14:48:30,2369
2021-07-29 14:48:30,2370
2021-07-29 14:48:30,2371
2021-07-29 14:48:30,2372
2021-07-29 14:48:30,2373
2021-07-29 14:48:30,2374
2021-07-29 14:48:30,2375
2021-07-29 14:48:30,2376
2021-07-29 14:48:30,2377
2021-07-29 14:48:30,2378
2021-07-29 14:48:30,2379
2021-07-29 14:48:30,2380
2021-07-29 14:48:30,2381
2021-07-29 14:48:30,2382
2021-07-29 14:48:30,2383
2021-07-29 14:48:30,2384
2021-07-29 14:48:30,2385
2021-07-29 14:48:30,2386
2021-07-29 14:48:30,2387
2021-07-29 14:48:30,2388
2021-07-29 14:48:30,2389
2021-07-29 14:48:30,2390
2021-07-29 14:48:30,2391
2021-07-29 14:48:30,2392
2021-07-29 14:48:30,2393
2021-07-29 14:48:30,2394
2021-07-29 14:48:30,2395
2021-07-29 14:48:30,2396
2021-07-29 14:48:30,2397
2021-07-29 14:48:30,2398
2021-07-29 14:48:30,2399
2021-07-29 14:48:30,2400
2021-07-29 14:48:30,2401
2021-07-29 14:48:30,2402
2021-07-29 14:48:45,2403
2021-07-29 14:48:45,2404
2021-07-29 14:48:45,2405
2021-07-29 14:48:45,2406
2021-07-29 14:48:45,2407
2021-07-29 14:48:45,2408
2021-07-29 14:48:45,2409
2021-07-29 14:48:45,2410
2021-07-29 14:48:45,2411
2021-07-29 14:48:45,2412
2021-07-29 14:48:45,2413
2021-07-29 14:48:45,2414
2021-07-29 14:48:45,2415
2021-07-29 14:48:45,2416
2021-07-29 14:48:45,2417
2021-07-29 14:48:45,2418
2021-07-29 14:48:45,2419
2021-07-29 14:48:45,2420
2021-07-29 14:48:45,2421
2021-07-29 14:48:45,2422
2021-07-29 14:48:45,2423
2021-07-29 14:48:45,2424
2021-07-29 14:48:45,2425
2021-07-29 14:48:45,2426
2021-07-29 14:48:45,2427
2021-07-29 14:48:45,2428
2021-07-29 14:48:45,2429
2021-07-29 14:48:45,2430
2021-07-29 14:48:45,2431
2021-07-29 14:48:45,2432
2021-07-29 14:48:45,2433
2021-07-29 14:48:45,2434
2021-07-29 14:48:45,2435
2021-07-29 14:48:45,2436
2021-07-29 14:48:45,2437
2021-07-29 14:48:45,2438
2021-07-29 14:48:45,2439
2021-07-29 14:48:45,2440
2021-07-29 14:48:45,2441
2021-07-29 14:48:45,2442
2021-07-29 14:48:45,2443
2021-07-29 14:48:45,2444
2021-07-29 14:49:00,2445
2021-07-29 14:49:00,2446
2021-07-29 14:49:00,2447
2021-07-29 14:49:00,2448
2021-07-29 14:49:00,2449
2021-07-29 14:49:00,2450
2021-07-29 14:49:00,2451
2021-07-29 14:49:00,2452
2021-07-29 14:49:00,2453
2021-07-29 14:49:00,2454
2021-07-29 14:49:00,2455
2021-07-29 14:49:00,2456
2021-07-29 14:49:00,2457
2021-07-29 14:49:00,2458
2021-07-29 14:49:00,2459
2021-07-29 14:49:00,2460
2021-07-29 14:49:00,2461
2021-07-29 14:49:00,2462
2021-07-29 14:49:00,2463
2021-07-29 14:49:00,2464
2021-07-29 14:49:00,2465
2021-07-29 14:49:00,2466
2021-07-29 14:49:00,2467
2021-07-29 14:49:00,2468
2021-07-29 14:49:00,2469
2021-07-29 14:49:00,2470
2021-07-29 14:49:00,2471
2021-07-29 14:49:00,2472
2021-07-29 14:49:00,2473
2021-07-29 14:49:00,2474
2021-07-29 14:49:00,2475
2021-07-29 14:49:00,2476
2021-07-29 14:49:00,2477
2021-07-29 14:49:00,2478
2021-07-29 14:49:00,2479
2021-07-29 14:49:00,2480
2021-07-29 14:49:00,2481
2021-07-29 14:49:00,2482
2021-07-29 14:49:00,2483
2021-07-29 14:49:00,2484
2021-07-29 14:49:00,2485
2021-07-29 14:49:00,2486
2021-07-29 14:49:00,2487
2021-07-29 14:49:00,2488
2021-07-29 14:49:00,2489
2021-07-29 14:49:00,2490
2021-07-29 14:49:00,2491
2021-07-29 14:49:00,2492
2021-07-29 14:49:00,2493
2021-07-29 14:49:00,2494
2021-07-29 14:49:00,2495
2021-07-29 14:49:00,2496
2021-07-29 14:49:00,2497
2021-07-29 14:49:00,2498
2021-07-29 14:49:15,2499
2021-07-29 14:49:15,2500
2021-07-29 14:49:15,2501
2021-07-29 14:49:15,2502
2021-07-29 14:49:15,2503
2021-07-29 14:49:15,2504
2021-07-29 14:49:15,2505
2021-07-29 14:49:15,2506
2021-07-29 14:49:15,2507
2021-07-29 14:49:15,2508
2021-07-29 14:49:15,2509
2021-07-29 14:49:15,2510
2021-07-29 14:49:15,2511
2021-07-29 14:49:15,2512
2021-07-29 14:49:15,2513
2021-07-29 14:49:15,2514
2021-07-29 14:49:15,2515
2021-07-29 14:49:15,2516
2021-07-29 14:49:15,2517
2021-07-29 14:49:15,2518
2021-07-29 14:49:15,2519
2021-07-29 14:49:15,2520
2021-07-29 14:49:15,2521
2021-07-29 14:49:15,2522
2021-07-29 14:49:15,2523
2021-07-29 14:49:15,2524
2021-07-29 14:49:15,2525
2021-07-29 14:49:15,2526
2021-07-29 14:49:15,2527
2021-07-29 14:49:15,2528
2021-07-29 14:49:15,2529
2021-07-29 14:49:15,2530
2021-07-29 14:49:15,2531
2021-07-29 14:49:15,2532
2021-07-29 14:49:15,2533
2021-07-29 14:49:15,2534
2021-07-29 14:49:15,2535
2021-07-29 14:49:15,2536
2021-07-29 14:49:15,2537
2021-07-29 14:49:15,2538
2021-07-29 14:49:15,2539
2021-07-29 14:49:15,2540
2021-07-29 14:49:15,2541
2021-07-29 14:49:15,2542
2021-07-29 14:49:15,2543
2021-07-29 14:49:15,2544
2021-07-29 14:49:15,2545
2021-07-29 14:49:15,2546
2021-07-29 14:49:15,2547
2021-07-29 14:49:15,2548
2021-07-29 14:49:15,2549
2021-07-29 14:49:15,2550
2021-07-29 14:49:15,2551
2021-07-29 14:49:30,2552
2021-07-29 14:49:30,2553
2021-07-29 14:49:30,2554
2021-07-29 14:49:30,2555
2021-07-29 14:49:30,2556
2021-07-29 14:49:30,2557
2021-07-29 14:49:30,2558
2021-07-29 14:49:30,2559
2021-07-29 14:49:30,2560
2021-07-29 14:49:30,2561
2021-07-29 14:49:30,2562
2021-07-29 14:49:30,2563
2021-07-29 14:49:30,2564
2021-07-29 14:49:30,2565
2021-07-29 14:49:30,2566
2021-07-29 14:49:30,2567
2021-07-29 14:49:30,2568
2021-07-29 14:49:30,2569
2021-07-29 14:49:30,2570
2021-07-29 14:49:30,2571
2021-07-29 14:49:30,2572
2021-07-29 14:49:30,2573
2021-07-29 14:49:30,2574
2021-07-29 14:49:30,2575
2021-07-29 14:49:30,2576
2021-07-29 14:49:30,2577
2021-07-29 14:49:30,2578
2021-07-29 14:49:30,2579
2021-07-29 14:49:30,2580
2021-07-29 14:49:30,2581
2021-07-29 14:49:30,2582
2021-07-29 14:49:30,2583
2021-07-29 14:49:30,2584
2021-07-29 14:49:30,2585
2021-07-29 14:49:30,2586
2021-07-29 14:49:30,2587
2021-07-29 14:49:30,2588
2021-07-29 14:49:30,2589
2021-07-29 14:49:30,2590
2021-07-29 14:49:30,2591
2021-07-29 14:49:30,2592
2021-07-29 14:49:30,2593
2021-07-29 14:49:30,2594
2021-07-29 14:49:30,2595
2021-07-29 14:49:30,2596
2021-07-29 14:49:30,2597
2021-07-29 14:49:30,2598
2021-07-29 14:49:30,2599
2021-07-29 14:49:30,2600
2021-07-29 14:49:45,2601
2021-07-29 14:49:45,2602
2021-07-29 14:49:45,2603
2021-07-29 14:49:45,2604
2021-07-29 14:49:45,2605
2021-07-29 14:49:45,2606
2021-07-29 14:49:45,2607
2021-07-29 14:49:45,2608
2021-07-29 14:49:45,2609
2021-07-29 14:49:45,2610
2021-07-29 14:49:45,2611
2021-07-29 14:49:45,2612
2021-07-29 14:49:45,2613
2021-07-29 14:49:45,2614
2021-07-29 14:49:45,2615
2021-07-29 14:49:45,2616
2021-07-29 14:49:45,2617
2021-07-29 14:49:45,2618
2021-07-29 14:49:45,2619
2021-07-29 14:49:45,2620
2021-07-29 14:49:45,2621
2021-07-29 14:49:45,2622
2021-07-29 14:49:45,2623
2021-07-29 14:49:45,2624
2021-07-29 14:49:45,2625
2021-07-29 14:49:45,2626
2021-07-29 14:49:45,2627
2021-07-29 14:49:45,2628
2021-07-29 14:49:45,2629
2021-07-29 14:49:45,2630
2021-07-29 14:49:45,2631
2021-07-29 14:49:45,2632
2021-07-29 14:49:45,2633
2021-07-29 14:49:45,2634
2021-07-29 14:49:45,2635
2021-07-29 14:49:45,2636
2021-07-29 14:49:45,2637
2021-07-29 14:49:45,2638
2021-07-29 14:50:00,2639
2021-07-29 14:50:00,2640
2021-07-29 14:50:00,2641
2021-07-29 14:50:00,2642
2021-07-29 14:50:00,2643
2021-07-29 14:50:00,2644
2021-07-29 14:50:00,2645
2021-07-29 14:50:00,2646
2021-07-29 14:50:00,2647
2021-07-29 14:50:00,2648
2021-07-29 14:50:00,2649
2021-07-29 14:50:00,2650
2021-07-29 14:50:00,2651
2021-07-29 14:50:00,2652
2021-07-29 14:50:00,2653
2021-07-29 14:50:00,2654
2021-07-29 14:50:00,2655
2021-07-29 14:50:00,2656
2021-07-29 14:50:00,2657
2021-07-29 14:50:00,2658
2021-07-29 14:50:00,2659
2021-07-29 14:50:00,2660
2021-07-29 14:50:00,2661
2021-07-29 14:50:00,2662
2021-07-29 14:50:00,2663
2021-07-29 14:50:00,2664
2021-07-29 14:50:00,2665
2021-07-29 14:50:00,2666
2021-07-29 14:50:00,2667
2021-07-29 14:50:00,2668
2021-07-29 14:50:00,2669
2021-07-29 14:50:00,2670
2021-07-29 14:50:00,2671
2021-07-29 14:50:00,2672
2021-07-29 14:50:00,2673
2021-07-29 14:50:00,2674
2021-07-29 14:50:00,2675
2021-07-29 14:50:00,2676
2021-07-29 14:50:00,2677
2021-07-29 14:50:00,2678
2021-07-29 14:50:00,2679
2021-07-29 14:50:00,2680
2021-07-29 14:50:00,2681
2021-07-29 14:50:00,2682
2021-07-29 14:50:00,2683
2021-07-29 14:50:15,2684
2021-07-29 14:50:15,2685
2021-07-29 14:50:15,2686
2021-07-29 14:50:15,2687
2021-07-29 14:50:15,2688
2021-07-29 14:50:15,2689
2021-07-29 14:50:15,2690
2021-07-29 14:50:15,2691
2021-07-29 14:50:15,2692
2021-07-29 14:50:15,2693
2021-07-29 14:50:15,2694
2021-07-29 14:50:15,2695
2021-07-29 14:50:15,2696
2021-07-29 14:50:15,2697
2021-07-29 14:50:15,2698
2021-07-29 14:50:15,2699
2021-07-29 14:50:15,2700
2021-07-29 14:50:15,2701
2021-07-29 14:50:15,2702
2021-07-29 14:50:15,2703
2021-07-29 14:50:15,2704
2021-07-29 14:50:15,2705
2021-07-29 14:50:15,2706
2021-07-29 14:50:15,2707
2021-07-29 14:50:15,2708
2021-07-29 14:50:15,2709
2021-07-29 14:50:15,2710
2021-07-29 14:50:15,2711
2021-07-29 14:50:15,2712
2021-07-29 14:50:15,2713
2021-07-29 14:50:15,2714
2021-07-29 14:50:15,2715
2021-07-29 14:50:15,2716
2021-07-29 14:50:15,2717
2021-07-29 14:50:15,2718
2021-07-29 14:50:15,2719
2021-07-29 14:50:15,2720
2021-07-29 14:50:15,2721
2021-07-29 14:50:15,2722
2021-07-29 14:50:15,2723
2021-07-29 14:50:15,2724
2021-07-29 14:50:15,2725
2021-07-29 14:50:15,2726
2021-07-29 14:50:15,2727
2021-07-29 14:50:15,2728
2021-07-29 14:50:15,2729
2021-07-29 14:50:15,2730
2021-07-29 14:50:15,2731
2021-07-29 14:50:30,2732
2021-07-29 14:50:30,2733
2021-07-29 14:50:30,2734
2021-07-29 14:50:30,2735
2021-07-29 14:50:30,2736
2021-07-29 14:50:30,2737
2021-07-29 14:50:30,2738
2021-07-29 14:50:30,2739
2021-07-29 14:50:30,2740
2021-07-29 14:50:30,2741
2021-07-29 14:50:30,2742
2021-07-29 14:50:30,2743
2021-07-29 14:50:30,2744
2021-07-29 14:50:30,2745
2021-07-29 14:50:30,2746
2021-07-29 14:50:30,2747
2021-07-29 14:50:30,2748
2021-07-29 14:50:30,2749
2021-07-29 14:50:30,2750
2021-07-29 14:50:30,2751
2021-07-29 14:50:30,2752
2021-07-29 14:50:30,2753
2021-07-29 14:50:30,2754
2021-07-29 14:50:30,2755
2021-07-29 14:50:30,2756
2021-07-29 14:50:30,2757
2021-07-29 14:50:30,2758
2021-07-29 14:50:30,2759
2021-07-29 14:50:30,2760
2021-07-29 14:50:30,2761
2021-07-29 14:50:30,2762
2021-07-29 14:50:30,2763
2021-07-29 14:50:30,2764
2021-07-29 14:50:30,2765
2021-07-29 14:50:45,2766
2021-07-29 14:50:45,2767
2021-07-29 14:50:45,2768
2021-07-29 14:50:45,2769
2021-07-29 14:50:45,2770
2021-07-29 14:50:45,2771
2021-07-29 14:50:45,2772
2021-07-29 14:50:45,2773
2021-07-29 14:50:45,2774
2021-07-29 14:50:45,2775
2021-07-29 14:50:45,2776
2021-07-29 14:50:45,2777
2021-07-29 14:50:45,2778
2021-07-29 14:50:45,2779
2021-07-29 14:50:45,2780
2021-07-29 14:50:45,2781
2021-07-29 14:50:45,2782
2021-07-29 14:50:45,2783
2021-07-29 14:50:45,2784
2021-07-29 14:50:45,2785
2021-07-29 14:50:45,2786
2021-07-29 14:50:45,2787
2021-07-29 14:50:45,2788
2021-07-29 14:50:45,2789
2021-07-29 14:50:45,2790
2021-07-29 14:50:45,2791
2021-07-29 14:50:45,2792
2021-07-29 14:50:45,2793
2021-07-29 14:50:45,2794
2021-07-29 14:50:45,2795
2021-07-29 14:50:45,2796
2021-07-29 14:50:45,2797
2021-07-29 14:51:00,2798
2021-07-29 14:51:00,2799
2021-07-29 14:51:00,2800
2021-07-29 14:51:00,2801
2021-07-29 14:51:00,2802
2021-07-29 14:51:00,2803
2021-07-29 14:51:00,2804
2021-07-29 14:51:00,2805
2021-07-29 14:51:00,2806
2021-07-29 14:51:00,2807
2021-07-29 14:51:00,2808
2021-07-29 14:51:00,2809
2021-07-29 14:51:00,2810
2021-07-29 14:51:00,2811
2021-07-29 14:51:00,2812
2021-07-29 14:51:00,2813
2021-07-29 14:51:00,2814
2021-07-29 14:51:00,2815
2021-07-29 14:51:00,2816
2021-07-29 14:51:00,2817
2021-07-29 14:51:00,2818
2021-07-29 14:51:00,2819
2021-07-29 14:51:00,2820
2021-07-29 14:51:00,2821
2021-07-29 14:51:00,2822
2021-07-29 14:51:00,2823
2021-07-29 14:51:00,2824
2021-07-29 14:51:00,2825
2021-07-29 14:51:00,2826
2021-07-29 14:51:00,2827
2021-07-29 14:51:00,2828
2021-07-29 14:51:00,2829
2021-07-29 14:51:00,2830
2021-07-29 14:51:00,2831
2021-07-29 14:51:00,2832
2021-07-29 14:51:00,2833
2021-07-29 14:51:00,2834
2021-07-29 14:51:00,2835
2021-07-29 14:51:00,2836
2021-07-29 14:51:00,2837
2021-07-29 14:51:00,2838
2021-07-29 14:51:00,2839
2021-07-29 14:51:00,2840
2021-07-29 14:51:00,2841
2021-07-29 14:51:00,2842
2021-07-29 14:51:00,2843
2021-07-29 14:51:00,2844
2021-07-29 14:51:00,2845
2021-07-29 14:51:00,2846
2021-07-29 14:51:00,2847
2021-07-29 14:51:00,2848
2021-07-29 14:51:00,2849
2021-07-29 14:51:00,2850
2021-07-29 14:51:00,2851
2021-07-29 14:51:15,2852
2021-07-29 14:51:15,2853
2021-07-29 14:51:15,2854
2021-07-29 14:51:15,2855
2021-07-29 14:51:15,2856
2021-07-29 14:51:15,2857
2021-07-29 14:51:15,2858
2021-07-29 14:51:15,2859
2021-07-29 14:51:15,2860
2021-07-29 14:51:15,2861
2021-07-29 14:51:15,2862
2021-07-29 14:51:15,2863
2021-07-29 14:51:15,2864
2021-07-29 14:51:15,2865
2021-07-29 14:51:15,2866
2021-07-29 14:51:15,2867
2021-07-29 14:51:15,2868
2021-07-29 14:51:15,2869
2021-07-29 14:51:15,2870
2021-07-29 14:51:15,2871
2021-07-29 14:51:15,2872
2021-07-29 14:51:15,2873
2021-07-29 14:51:15,2874
2021-07-29 14:51:15,2875
2021-07-29 14:51:15,2876
2021-07-29 14:51:15,2877
2021-07-29 14:51:15,2878
2021-07-29 14:51:15,2879
2021-07-29 14:51:15,2880
2021-07-29 14:51:15,2881
2021-07-29 14:51:15,2882
2021-07-29 14:51:15,2883
2021-07-29 14:51:15,2884
2021-07-29 14:51:15,2885
2021-07-29 14:51:15,2886
2021-07-29 14:51:15,2887
2021-07-29 14:51:15,2888
2021-07-29 14:51:15,2889
2021-07-29 14:51:15,2890
2021-07-29 14:51:30,2891
2021-07-29 14:51:30,2892
2021-07-29 14:51:30,2893
2021-07-29 14:51:30,2894
2021-07-29 14:51:30,2895
2021-07-29 14:51:30,2896
2021-07-29 14:51:30,2897
2021-07-29 14:51:30,2898
2021-07-29 14:51:30,2899
2021-07-29 14:51:30,2900
2021-07-29 14:51:30,2901
2021-07-29 14:51:30,2902
2021-07-29 14:51:30,2903
2021-07-29 14:51:30,2904
2021-07-29 14:51:30,2905
2021-07-29 14:51:30,2906
2021-07-29 14:51:30,2907
2021-07-29 14:51:30,2908
2021-07-29 14:51:30,2909
2021-07-29 14:51:30,2910
2021-07-29 14:51:30,2911
2021-07-29 14:51:30,2912
2021-07-29 14:51:30,2913
2021-07-29 14:51:30,2914
2021-07-29 14:51:30,2915
2021-07-29 14:51:30,2916
2021-07-29 14:51:30,2917
2021-07-29 14:51:30,2918
2021-07-29 14:51:30,2919
2021-07-29 14:51:30,2920
2021-07-29 14:51:30,2921
2021-07-29 14:51:30,2922
2021-07-29 14:51:30,2923
2021-07-29 14:51:30,2924
2021-07-29 14:51:30,2925
2021-07-29 14:51:30,2926
2021-07-29 14:51:30,2927
2021-07-29 14:51:30,2928
2021-07-29 14:51:30,2929
2021-07-29 14:51:30,2930
2021-07-29 14:51:30,2931
2021-07-29 14:51:45,2932
2021-07-29 14:51:45,2933
2021-07-29 14:51:45,2934
2021-07-29 14:51:45,2935
2021-07-29 14:51:45,2936
2021-07-29 14:51:45,2937
2021-07-29 14:51:45,2938
2021-07-29 14:51:45,2939
2021-07-29 14:51:45,2940
2021-07-29 14:51:45,2941
2021-07-29 14:51:45,2942
2021-07-29 14:51:45,2943
2021-07-29 14:51:45,2944
2021-07-29 14:51:45,2945
2021-07-29 14:51:45,2946
2021-07-29 14:51:45,2947
2021-07-29 14:51:45,2948
2021-07-29 14:51:45,2949
2021-07-29 14:51:45,2950
2021-07-29 14:51:45,2951
2021-07-29 14:51:45,2952
2021-07-29 14:51:45,2953
2021-07-29 14:51:45,2954
2021-07-29 14:51:45,2955
2021-07-29 14:51:45,2956
2021-07-29 14:51:45,2957
2021-07-29 14:51:45,2958
2021-07-29 14:51:45,2959
2021-07-29 14:51:45,2960
2021-07-29 14:51:45,2961
2021-07-29 14:51:45,2962
2021-07-29 14:51:45,2963
2021-07-29 14:51:45,2964
2021-07-29 14:51:45,2965
2021-07-29 14:51:45,2966
2021-07-29 14:51:45,2967
2021-07-29 14:51:45,2968
2021-07-29 14:51:45,2969
2021-07-29 14:51:45,2970
2021-07-29 14:51:45,2971
2021-07-29 14:51:45,2972
2021-07-29 14:51:45,2973
2021-07-29 14:51:45,2974
2021-07-29 14:51:45,2975
2021-07-29 14:51:45,2976
2021-07-29 14:51:45,2977
2021-07-29 14:51:45,2978
2021-07-29 14:51:45,2979
2021-07-29 14:51:45,2980
2021-07-29 14:51:45,2981
2021-07-29 14:52:00,2982
2021-07-29 14:52:00,2983
2021-07-29 14:52:00,2984
2021-07-29 14:52:00,2985
2021-07-29 14:52:00,2986
2021-07-29 14:52:00,2987
2021-07-29 14:52:00,2988
2021-07-29 14:52:00,2989
2021-07-29 14:52:00,2990
2021-07-29 14:52:00,2991
2021-07-29 14:52:00,2992
2021-07-29 14:52:00,2993
2021-07-29 14:52:00,2994
2021-07-29 14:52:00,2995
2021-07-29 14:52:00,2996
2021-07-29 14:52:00,2997
2021-07-29 14:52:00,2998
2021-07-29 14:52:00,2999
2021-07-29 14:52:00,3000
2021-07-29 14:52:00,3001
2021-07-29 14:52:00,3002
2021-07-29 14:52:00,3003
2021-07-29 14:52:00,3004
2021-07-29 14:52:00,3005
2021-07-29 14:52:00,3006
2021-07-29 14:52:00,3007
2021-07-29 14:52:00,3008
2021-07-29 14:52:00,3009
2021-07-29 14:52:00,3010
2021-07-29 14:52:00,3011
2021-07-29 14:52:00,3012
2021-07-29 14:52:00,3013
2021-07-29 14:52:00,3014
2021-07-29 14:52:00,3015
2021-07-29 14:52:00,3016
2021-07-29 14:52:00,3017
2021-07-29 14:52:00,3018
2021-07-29 14:52:00,3019
2021-07-29 14:52:00,3020
2021-07-29 14:52:00,3021
2021-07-29 14:52:00,3022
2021-07-29 14:52:00,3023
2021-07-29 14:52:00,3024
2021-07-29 14:52:00,3025
2021-07-29 14:52:00,3026
2021-07-29 14:52:00,3027
2021-07-29 14:52:00,3028
2021-07-29 14:52:00,3029
2021-07-29 14:52:00,3030
2021-07-29 14:52:15,3031
2021-07-29 14:52:15,3032
2021-07-29 14:52:15,3033
2021-07-29 14:52:15,3034
2021-07-29 14:52:15,3035
2021-07-29 14:52:15,3036
2021-07-29 14:52:15,3037
2021-07-29 14:52:15,3038
2021-07-29 14:52:15,3039
2021-07-29 14:52:15,3040
2021-07-29 14:52:15,3041
2021-07-29 14:52:15,3042
2021-07-29 14:52:15,3043
2021-07-29 14:52:15,3044
2021-07-29 14:52:15,3045
2021-07-29 14:52:15,3046
2021-07-29 14:52:15,3047
2021-07-29 14:52:15,3048
2021-07-29 14:52:15,3049
2021-07-29 14:52:15,3050
2021-07-29 14:52:15,3051
2021-07-29 14:52:15,3052
2021-07-29 14:52:15,3053
2021-07-29 14:52:15,3054
2021-07-29 14:52:15,3055
2021-07-29 14:52:15,3056
2021-07-29 14:52:15,3057
2021-07-29 14:52:15,3058
2021-07-29 14:52:15,3059
2021-07-29 14:52:15,3060
2021-07-29 14:52:15,3061
2021-07-29 14:52:15,3062
2021-07-29 14:52:15,3063
2021-07-29 14:52:15,3064
2021-07-29 14:52:15,3065
2021-07-29 14:52:15,3066
2021-07-29 14:52:15,3067
2021-07-29 14:52:15,3068
2021-07-29 14:52:15,3069
2021-07-29 14:52:15,3070
2021-07-29 14:52:15,3071
2021-07-29 14:52:15,3072
2021-07-29 14:52:15,3073
2021-07-29 14:52:15,3074
2021-07-29 14:52:15,3075
2021-07-29 14:52:15,3076
2021-07-29 14:52:15,3077
2021-07-29 14:52:15,3078
2021-07-29 14:52:15,3079
2021-07-29 14:52:15,3080
2021-07-29 14:52:15,3081
2021-07-29 14:52:15,3082
2021-07-29 14:52:15,3083
2021-07-29 14:52:15,3084
2021-07-29 14:52:15,3085
2021-07-29 14:52:15,3086
2021-07-29 14:52:15,3087
2021-07-29 14:52:15,3088
2021-07-29 14:52:15,3089
2021-07-29 14:52:15,3090
2021-07-29 14:52:15,3091
2021-07-29 14:52:15,3092
2021-07-29 14:52:30,3093
2021-07-29 14:52:30,3094
2021-07-29 14:52:30,3095
2021-07-29 14:52:30,3096
2021-07-29 14:52:30,3097
2021-07-29 14:52:30,3098
2021-07-29 14:52:30,3099
2021-07-29 14:52:30,3100
2021-07-29 14:52:30,3101
2021-07-29 14:52:30,3102
2021-07-29 14:52:30,3103
2021-07-29 14:52:30,3104
2021-07-29 14:52:30,3105
2021-07-29 14:52:30,3106
2021-07-29 14:52:30,3107
2021-07-29 14:52:30,3108
2021-07-29 14:52:30,3109
2021-07-29 14:52:30,3110
2021-07-29 14:52:30,3111
2021-07-29 14:52:30,3112
2021-07-29 14:52:30,3113
2021-07-29 14:52:30,3114
2021-07-29 14:52:30,3115
2021-07-29 14:52:30,3116
2021-07-29 14:52:30,3117
2021-07-29 14:52:30,3118
2021-07-29 14:52:30,3119
2021-07-29 14:52:30,3120
2021-07-29 14:52:30,3121
2021-07-29 14:52:30,3122
2021-07-29 14:52:30,3123
2021-07-29 14:52:30,3124
2021-07-29 14:52:30,3125
2021-07-29 14:52:30,3126
2021-07-29 14:52:30,3127
2021-07-29 14:52:30,3128
2021-07-29 14:52:30,3129
2021-07-29 14:52:30,3130
2021-07-29 14:52:30,3131
2021-07-29 14:52:30,3132
2021-07-29 14:52:30,3133
2021-07-29 14:52:30,3134
2021-07-29 14:52:30,3135
2021-07-29 14:52:30,3136
2021-07-29 14:52:30,3137
2021-07-29 14:52:30,3138
2021-07-29 14:52:30,3139
2021-07-29 14:52:30,3140
2021-07-29 14:52:30,3141
2021-07-29 14:52:30,3142
2021-07-29 14:52:30,3143
2021-07-29 14:52:30,3144
2021-07-29 14:52:30,3145
2021-07-29 14:52:30,3146
2021-07-29 14:52:45,3147
2021-07-29 14:52:45,3148
2021-07-29 14:52:45,3149
2021-07-29 14:52:45,3150
2021-07-29 14:52:45,3151
2021-07-29 14:52:45,3152
2021-07-29 14:52:45,3153
2021-07-29 14:52:45,3154
2021-07-29 14:52:45,3155
2021-07-29 14:52:45,3156
2021-07-29 14:52:45,3157
2021-07-29 14:52:45,3158
2021-07-29 14:52:45,3159
2021-07-29 14:52:45,3160
2021-07-29 14:52:45,3161
2021-07-29 14:52:45,3162
2021-07-29 14:52:45,3163
2021-07-29 14:52:45,3164
2021-07-29 14:52:45,3165
2021-07-29 14:52:45,3166
2021-07-29 14:52:45,3167
2021-07-29 14:52:45,3168
2021-07-29 14:52:45,3169
2021-07-29 14:52:45,3170
2021-07-29 14:52:45,3171
2021-07-29 14:52:45,3172
2021-07-29 14:52:45,3173
2021-07-29 14:52:45,3174
2021-07-29 14:52:45,3175
2021-07-29 14:52:45,3176
2021-07-29 14:52:45,3177
2021-07-29 14:52:45,3178
2021-07-29 14:52:45,3179
2021-07-29 14:52:45,3180
2021-07-29 14:52:45,3181
2021-07-29 14:52:45,3182
2021-07-29 14:52:45,3183
2021-07-29 14:52:45,3184
2021-07-29 14:52:45,3185
2021-07-29 14:52:45,3186
2021-07-29 14:52:45,3187
2021-07-29 14:52:45,3188
2021-07-29 14:52:45,3189
2021-07-29 14:52:45,3190
2021-07-29 14:52:45,3191
2021-07-29 14:52:45,3192
2021-07-29 14:52:45,3193
2021-07-29 14:53:00,3194
2021-07-29 14:53:00,3195
2021-07-29 14:53:00,3196
2021-07-29 14:53:00,3197
2021-07-29 14:53:00,3198
2021-07-29 14:53:00,3199
2021-07-29 14:53:00,3200
2021-07-29 14:53:00,3201
2021-07-29 14:53:00,3202
2021-07-29 14:53:00,3203
2021-07-29 14:53:00,3204
2021-07-29 14:53:00,3205
2021-07-29 14:53:00,3206
2021-07-29 14:53:00,3207
2021-07-29 14:53:00,3208
2021-07-29 14:53:00,3209
2021-07-29 14:53:00,3210
2021-07-29 14:53:00,3211
2021-07-29 14:53:00,3212
2021-07-29 14:53:00,3213
2021-07-29 14:53:00,3214
2021-07-29 14:53:00,3215
2021-07-29 14:53:00,3216
2021-07-29 14:53:00,3217
2021-07-29 14:53:00,3218
2021-07-29 14:53:00,3219
2021-07-29 14:53:00,3220
2021-07-29 14:53:00,3221
2021-07-29 14:53:00,3222
2021-07-29 14:53:00,3223
2021-07-29 14:53:00,3224
2021-07-29 14:53:00,3225
2021-07-29 14:53:00,3226
2021-07-29 14:53:00,3227
2021-07-29 14:53:15,3228
2021-07-29 14:53:15,3229
2021-07-29 14:53:15,3230
2021-07-29 14:53:15,3231
2021-07-29 14:53:15,3232
2021-07-29 14:53:15,3233
2021-07-29 14:53:15,3234
2021-07-29 14:53:15,3235
2021-07-29 14:53:15,3236
2021-07-29 14:53:15,3237
2021-07-29 14:53:15,3238
2021-07-29 14:53:15,3239
2021-07-29 14:53:15,3240
2021-07-29 14:53:15,3241
2021-07-29 14:53:15,3242
2021-07-29 14:53:15,3243
2021-07-29 14:53:15,3244
2021-07-29 14:53:15,3245
2021-07-29 14:53:15,3246
2021-07-29 14:53:15,3247
2021-07-29 14:53:15,3248
2021-07-29 14:53:15,3249
2021-07-29 14:53:15,3250
2021-07-29 14:53:15,3251
2021-07-29 14:53:15,3252
2021-07-29 14:53:15,3253
2021-07-29 14:53:15,3254
2021-07-29 14:53:15,3255
2021-07-29 14:53:15,3256
2021-07-29 14:53:15,3257
2021-07-29 14:53:15,3258
2021-07-29 14:53:15,3259
2021-07-29 14:53:15,3260
2021-07-29 14:53:15,3261
2021-07-29 14:53:15,3262
2021-07-29 14:53:15,3263
2021-07-29 14:53:15,3264
2021-07-29 14:53:15,3265
2021-07-29 14:53:15,3266
2021-07-29 14:53:15,3267
2021-07-29 14:53:15,3268
2021-07-29 14:53:15,3269
2021-07-29 14:53:15,3270
2021-07-29 14:53:15,3271
2021-07-29 14:53:15,3272

